rab.all	rab.win.0	rab.win.1	diff.btw	diff.win	diff.btw.025	diff.btw.975	diff.win.025	diff.win.975	effect	effect.025	effect.975	overlap	we.ep	we.eBH	wi.ep	wi.eBH
0	6.64104240278898	6.57431868003512	6.69426169065124	0.0336353371711677	1.04888464044806	-1.78037430743694	2.58931859175272	0.168988169629102	3.0547414746594	0.0302232006303753	-3.39178171098258	5.28599271511729	0.482007576094152	0.274261691644708	0.653611071897518	0.701292719744192	0.892320519375366
1	6.85645072441309	6.89351922628156	6.82019392373284	-0.11945489948088	1.10024608730124	-2.0536289993476	2.23410583895231	0.194057385284727	2.63593819477654	-0.106416753648011	-4.06825740736388	3.1037205081058	0.448390152489727	0.598839284319815	0.850688056951467	0.447107929093479	0.769473651089643
2	6.341985652482	6.61182844785977	6.0537420701186	-0.565307954783159	1.27364756791536	-2.8872212458841	2.02683290750944	0.221258606136062	3.17346934791489	-0.405798508422928	-5.06185366964991	2.64063655932904	0.322443185614034	0.0103044640675847	0.19475317428102	0.0057152111153411	0.192213573808009
3	5.9299723432184	6.11028613797505	5.83257987663125	-0.363408742544441	1.85440662116818	-3.45472510500236	3.12940162191441	0.304097427837266	4.12677875440822	-0.193948530458931	-3.87110167196939	3.07951573318594	0.410984850202292	0.213942316747836	0.585033521655679	0.161995650613082	0.539717643343143
4	5.85352781829755	6.02787076490812	5.75511558602836	-0.284539251706707	1.22701258926443	-2.66672831647845	1.78633981750914	0.22524075648088	2.84166123180673	-0.212865665664781	-4.28812318886168	2.81571740905845	0.395833335367706	0.0867358150067663	0.438483450314918	0.111993264954383	0.473793810388872
5	5.596709845839	5.63934103664809	5.56761810028825	-0.173416991035309	1.25295641385813	-2.63254633372262	2.19739667260221	0.206617833241635	3.1438963517673	-0.128043081254926	-4.32471504795261	3.1757521946438	0.437973486025396	0.284215578972872	0.665982668529029	0.317318599229814	0.689462353033502
6	5.76304303610043	5.98687113144424	5.64293961755348	-0.281195741849769	0.966082244586315	-2.05167393889411	1.67216996824571	0.17270209067168	2.38173826952525	-0.267376302183199	-4.67471027301664	3.1555834723729	0.378608615753595	0.0791555741618084	0.428274693834947	0.0481178640153786	0.349554712840746
7	4.75294241011983	4.87838839480401	4.57738193079936	-0.250360796156173	1.7027649263212	-3.11106692800957	2.95624442560491	0.313027963795395	3.71224586546583	-0.13550803641022	-3.66789555396743	3.17028881318012	0.432560342029813	0.366096233271709	0.738309516944282	0.283170391880015	0.665485707931653
8	4.32119366753656	4.67499331568884	4.30965866005377	-0.032209329688814	2.006095093615	-3.85530579357262	3.3653707387704	0.323487945404209	4.38952102070494	-0.0135732618573904	-4.07069101073842	3.42184100399269	0.4940842405269	0.645287295051442	0.869939037871209	0.863412345036749	0.950409801753781
9	4.44397724806726	4.71764411822576	4.39325400182474	-0.289588890533969	1.92600750624176	-3.71838972591613	3.39627653768147	0.335832122124449	4.41386479585568	-0.137627551217682	-3.84207485114315	3.06690425994586	0.442972078693201	0.384413893101056	0.747259476784424	0.377480888273182	0.728817613437903
10	4.80005557095926	5.01940410923884	4.68364735144923	-0.221303149467359	1.77014499319693	-3.10097585112934	3.17602290037644	0.329603002581979	3.81813649833406	-0.123889998653032	-3.55097088038487	3.14739414996112	0.436079546668569	0.464372994764123	0.793537622247314	0.375504130861015	0.727554113449439
11	2.59790540406868	2.5598322417596	2.62248939535889	-0.0568119146937507	3.33818048059365	-6.47381145814281	4.90893815688727	0.507752199732323	7.52552303188708	-0.0184464370603372	-4.91678931687547	3.23230578823262	0.491717936737681	0.402590628970909	0.75910007024495	0.853117476201756	0.946547704776776
12	4.48370638046606	4.64548166643954	4.14054818330155	-0.344058250051987	1.76017403642044	-3.23631794341233	3.1980343273678	0.314502611658446	4.05250579217912	-0.170446943120765	-3.85497202595575	3.15562777602272	0.435399906574053	0.325430712706556	0.708725167468354	0.280831785592436	0.662489255272443
13	4.72246406364848	4.56283402121412	4.83040896836573	0.255429350358091	1.741625745556	-3.06488209612735	3.64245644449936	0.283223945092167	4.45945168515833	0.135186234916561	-2.99465788418154	3.94014599762762	0.437973486025396	0.427208850489955	0.772315795521099	0.38205264869104	0.732468253853634
14	3.18692811086748	3.23407264461097	3.13286005866494	-0.137785139392711	2.57111068168791	-4.71274030889149	4.46465932665406	0.367939866433151	5.38796025936047	-0.0521531789118142	-4.17389051975391	3.53170727369201	0.471590909623376	0.638928636737218	0.867987581406803	0.556588117824624	0.832086872649888
15	5.39020697089326	5.59157129434325	5.23758256228285	-0.406940955911096	1.17312424003483	-2.63640868597755	1.62704814245034	0.19899801230079	2.86184510444783	-0.350784819095639	-5.60937175468379	2.17924546954966	0.338381451546447	0.00531877674208516	0.178941078487682	0.0105636999804825	0.217336080575576
16	5.04874577028292	5.1393773867197	4.96495314171059	-0.209376901697913	1.15140071147391	-2.35293701054716	2.19112698853351	0.207400907544469	2.8917635456099	-0.168172413131357	-4.1537601308386	3.50572420222824	0.418087122784649	0.204531420583175	0.574746415338256	0.167679660118236	0.543591550627872
17	3.75886006262513	4.05636167416809	3.60429411740235	-0.492919963096477	1.81318548831301	-3.87243613848316	2.91662023381255	0.262525278265862	4.20240948398933	-0.236935322345396	-4.55989150638553	2.97406600713759	0.388731062793133	0.0798823243748962	0.431827693676219	0.0697936384862199	0.408724733369238
18	2.57328101666527	1.61119231987658	2.81977285830484	0.831992867568119	2.79733003658006	-4.87083670138468	6.40003979287122	0.417919248812484	6.95270137509644	0.260631583145545	-3.16066674546118	5.40713471775298	0.384761005584386	0.083336264296378	0.439347784092686	0.0419206089478648	0.333980955503938
19	4.11786480536743	4.6300560716188	3.9987176337009	-0.493420325480319	1.36980549433663	-2.82991724279578	2.34091695935649	0.225904109592113	3.220921205688	-0.3221229629573	-4.63495666134692	2.58156383999325	0.364884053832724	0.0470874065313104	0.341356495512339	0.031274869107172	0.302568642655435
20	2.56255051269705	2.67395305012171	2.52753150081967	0.175346846041364	2.69677110891117	-4.80902404046217	5.56173755883317	0.390681235359412	6.43316866392172	0.0606564529835062	-3.73727974843107	4.56241683650614	0.467581638089884	0.709861796656237	0.90251099737179	0.626429245695075	0.863728351442503
21	4.2159835521295	4.39478900484293	4.01072350023263	-0.39984188155872	0.972152874301236	-2.77658815283093	1.54381139375689	0.150514047590477	2.92071109901216	-0.355016862953867	-5.96870299109464	2.82827069196277	0.337121215525413	0.0152913282729228	0.213433575674378	0.00918423399803497	0.210820420186168
22	3.61904775757048	3.80737614667294	3.47495854450162	-0.319436624299172	1.67799042690862	-3.62780109555641	2.73375584461237	0.31610894212535	3.87097655542648	-0.184189188097743	-4.43614240374691	3.07606109666311	0.421202083855567	0.239919649378733	0.613424338421401	0.265122192483421	0.65108568913019
23	4.02473106267806	4.31441694449772	3.9261996339452	-0.267079437341541	1.65465915468371	-2.98918429302076	3.16178798566962	0.300047134205088	3.97786277282526	-0.152558861418077	-3.44177136265907	3.15736254199556	0.433712122472689	0.494510671946199	0.805132084145984	0.274439420092653	0.658759972871462
24	4.3833019224879	4.9881658579457	3.90912177981609	-0.694549580272115	1.85219971621463	-3.81138413433555	2.96931197163659	0.28860638197753	4.20523679187468	-0.353214984516945	-5.30160972155755	2.65049147302055	0.355892099478591	0.0304785873733231	0.281321658635453	0.0260295625063248	0.28642850144687
25	3.95301936407469	4.27875822765382	3.63191763220157	-0.40596005857943	1.47188668950907	-2.69089417303185	2.47005312121759	0.220991454944717	3.18886457984473	-0.242280547501509	-4.43273591299641	3.23091938154712	0.405584478874245	0.143596171770872	0.507084324131065	0.115670493163112	0.477939417199451
26	3.06349887640487	2.95663056082013	3.20874798616558	0.260897698933825	1.73215347550963	-3.06105226748449	4.77550500408089	0.243840710537089	5.28569375174037	0.144314336024268	-3.12664230585059	5.43856629297187	0.419782301584117	0.113988087400747	0.474846887072327	0.226998347623648	0.610259529131887
27	1.43724978544653	1.16415792065107	1.93450710127816	0.687543922518162	2.2490286765571	-3.57125283699169	6.06302013069858	0.325590667134716	6.28248874986594	0.282441812857728	-2.72131438378806	5.67022531776921	0.353219699970496	0.00632159927813475	0.179931079151794	0.0164010293303538	0.245341046742978
28	1.69270911069703	1.65170227363237	1.71410815043239	0.0168755750360603	2.46155601110204	-5.2887687527277	4.52218936864838	0.344084256129519	6.03100115289477	0.00590834014796388	-4.96176452632785	4.20712407688858	0.497397065831831	0.530446644358655	0.81994200858739	0.92004767383555	0.970517501727817
29	2.56261277784501	2.73236301471097	2.49211230614167	-0.0504719259554189	1.857271727898	-3.08798724200823	4.00443677818554	0.312587222136346	4.85836655863373	-0.0209069052550155	-3.43038419778628	3.76398492238818	0.486512068401481	0.942665825428302	0.983733947187298	0.828095689860195	0.93907436077361
30	2.65753726759809	3.09476787313622	2.25518087376374	-0.851747518971136	1.73778190494934	-4.14319840687296	2.26087711076863	0.273236411583825	4.25514517860769	-0.449700994289165	-5.38265148287101	2.25535136376246	0.300047330519179	0.00256566445567765	0.17857049074677	0.00237294694060223	0.173946443204488
31	3.40799619641092	3.66098603875621	3.27450773202007	-0.3937682440804	1.07525752481507	-2.41841424173798	1.80071916830156	0.174888259335083	2.84332409308514	-0.315966134099454	-5.0146602237247	3.0287703653799	0.349431821275309	0.0215330018495111	0.24175983569676	0.0139581100425545	0.232898236527115
32	2.32597688615747	2.2598869402987	2.40201258273266	-0.044931020540024	2.25471380787296	-4.63309652905248	3.91069197939728	0.293892943658474	5.24375378052599	-0.0202517270926028	-5.70325891119978	3.95444917720269	0.490056818367653	0.337608828251505	0.719076058423177	0.804795640444529	0.928454582224174
33	3.19967575787479	3.17520525168273	3.21133745359031	0.0861692387698181	1.39692281094789	-2.3766154317459	2.47296159086136	0.263929104017688	2.97535623775186	0.0610553274655481	-3.06845157978392	3.58021622426834	0.47562707097185	0.770734864666034	0.927509014771225	0.638152736564135	0.86856056956989
34	1.95299602356081	1.89951348820535	1.99543672521762	0.182895927478791	2.0045670703704	-4.12103571322472	4.29314650411578	0.328725775254511	5.40980193865116	0.0823844189611945	-3.83858410360977	3.98651611608153	0.465215334301242	0.771364892186578	0.927710781133045	0.500269563717579	0.801110748436489
35	0.614356760816396	0.143824210365126	0.691600730733222	0.419492592899196	2.7987396110627	-5.54539020909428	6.14906754417246	0.434723534753802	7.75162012996271	0.126213000412812	-3.63123497552566	4.42553659101516	0.438712731875977	0.584673356478021	0.844914128624236	0.32016942943495	0.689605549072752
36	2.18331825067971	1.75159430661463	2.43070720063006	0.30137784920092	2.39889069778414	-4.10855627586247	4.10088368936806	0.258601622601271	4.72927500817638	0.134980021568312	-4.03967674632543	5.04900567774887	0.412210129471095	0.405044542533189	0.760643041888911	0.186220080463067	0.56644197261338
37	0.760450152296719	0.412375147236908	0.854050285315395	0.392363648295342	3.53751303820684	-6.57470795384631	7.17626948857936	0.421161126497719	9.95548502733189	0.101399384657191	-4.29339523378898	5.25450619327972	0.435132576990196	0.359462192795768	0.730142358216703	0.25899430265649	0.639730858715613
38	4.52420905406879	4.69796955361863	4.36467453674875	-0.149985294674458	1.40104815495698	-2.63967297042015	2.48795185905116	0.235692786845468	3.30184874555107	-0.0963323915365359	-3.93912882407572	3.22925844650606	0.455965909919999	0.530341111152518	0.820548885010575	0.464368390121086	0.780467184232169
39	0.602426017614373	0.669299207169496	0.580185564863107	-0.165124619281297	3.28364649045441	-5.87672799267741	5.00171616991924	0.424031378401065	6.45824198924463	-0.0513653929209702	-4.90567513398214	3.38146891256342	0.473734027940726	0.426729973103732	0.771544042138574	0.672572482966795	0.879205793778144
40	3.11461897483409	3.60942416191013	2.91277151789816	-0.662364056190482	1.44020900779467	-3.63519274100949	2.3842186066708	0.217690972109581	3.83947571253318	-0.417663335013446	-6.07549784085522	2.6330954858176	0.305726459547662	0.0066300616763274	0.179691300028828	0.00158659675780743	0.171075268382132
41	2.73972408213592	3.01011243361451	2.61099743037357	-0.551484214176466	1.47189642489859	-3.21973793833041	2.20151542189487	0.237834949987091	3.55993378630983	-0.350703285429375	-4.57995670260401	2.79001161545992	0.348793188151265	0.017238781264409	0.220598054667775	0.0182869621255721	0.254915627729371
42	2.29244280396088	2.69913290660688	2.10257413437942	-0.498001413102779	1.75396051537883	-3.37206995713601	2.87350399017942	0.304362947911413	3.75309755594165	-0.265274054497026	-4.6889880886008	2.87106440630189	0.396780305044527	0.0951234789908644	0.450714207698915	0.10237823425561	0.463024494339541
43	-1.40404326052961	-1.3725842736651	-1.41648860558657	0.051052762288756	3.37934825938409	-8.58709285399822	7.847713101325	0.534434714751017	10.273284398036	0.0118019941420415	-4.65378265624284	4.28306222401592	0.492897727405441	0.862830375490509	0.959891197100196	0.891365721984801	0.959840801716318
44	2.41387005222243	2.58237508693251	2.06184145173419	-0.574179261199073	2.13718700969541	-4.05703143227447	3.53589576983157	0.380114471308145	5.01284026744865	-0.243477777496045	-4.26139997120587	2.81511913377091	0.397539046009476	0.153661631001385	0.517140204029532	0.110449533772936	0.471513965991695
45	0.555765456992634	0.32080303426937	0.660879200143569	0.431850442580942	1.62234867003534	-2.88690044890217	6.68238135092332	0.25031751381919	6.60654914032737	0.190465107810083	-2.87799812021919	8.01690147684084	0.376242311973183	0.00399666724510703	0.178631289863972	0.0301984711903906	0.294812273895557
46	1.4581789845503	1.85509421873891	1.36957859810893	-0.254386968393031	2.1636312175751	-4.05262883773643	4.47415944592218	0.316293131372622	5.10932945900876	-0.101102905855119	-4.78966721099049	4.19177579571993	0.44933712216844	0.475326989689256	0.796031981661557	0.335586594518024	0.701373357588732
47	3.03032313996366	3.09894054353973	2.99497356097647	-0.189010156072988	1.29038253077636	-2.83884154623374	2.0289743767493	0.206053831025339	3.05463935698844	-0.141901543703823	-4.51012048906961	2.84237776792323	0.424514909155914	0.160243727441654	0.52420417736703	0.213345740678839	0.594352274933807
48	2.17282624276446	2.69258258442996	1.88714263449799	-0.455997783003374	1.77121009024068	-3.23342733523097	2.89926410238062	0.314196227851034	3.77894836449835	-0.246951908315137	-3.88138174278485	3.00852678595891	0.399147729236789	0.114127768315271	0.477234598597979	0.103103719754498	0.463746666320017
49	2.6069318330236	2.63533802246435	2.60023384708608	0.217500869723144	1.47375655786785	-2.25171582083183	2.95308333384522	0.250917847098534	3.21112999530565	0.145109033833334	-2.52021821678963	3.92122708025348	0.438446970864619	0.265885382579111	0.644623658818924	0.373350036742303	0.725518091729178
50	1.08366958526968	2.03713233528132	0.725182276433596	-0.783638950342974	2.65286399938147	-4.90981164652272	3.61569795179998	0.36925724860066	5.15984988686682	-0.290480190470836	-4.40373422948588	2.36086522923752	0.373876008193154	0.0336894740765819	0.291579722356454	0.0388840805016825	0.325642836535676
51	0.664262138840331	0.313267954720477	0.782620061263227	0.513913545037738	2.70940786005834	-4.41820989148888	5.90548162476353	0.373417214432908	6.08945645807409	0.17935904974467	-3.73327634516335	5.38954348894757	0.398485567522807	0.11205956574236	0.472833513145346	0.0925070562671735	0.444917553414957
52	0.97569356654752	0.855382413454767	1.12061627394854	0.28759256808672	1.97940852241069	-5.90620559559559	4.35068173837296	0.280867431557888	6.60433886705646	0.112512801956436	-5.01579375886514	4.74349722684523	0.435873167331451	0.750643023416483	0.920054311208003	0.326515554499332	0.693521043972488
53	2.05045872356355	2.07824577656207	2.04130990479117	-0.00616242908088438	1.70697776373958	-3.24535715293286	3.12802945520596	0.295293416893483	4.09454908876206	-0.00386721043427405	-3.70809196216973	3.64675797165437	0.497870326589679	0.947115361039308	0.984389374943778	0.93324145643613	0.974298296880993
54	0.835885847846546	2.26673913422375	0.43046979756862	-1.16000551135833	2.67540560479683	-5.36988334548774	3.97326512853086	0.417742782674921	5.46267510568315	-0.413382331598029	-5.36563125183822	2.46132085840422	0.325284094627178	0.00622299178831608	0.17908988026391	0.00523352840643826	0.186891742213519
55	0.368378759666183	0.126903997259531	0.504671500857231	0.127094351780613	2.49518124508789	-5.46417333211108	4.75018065642589	0.281339808118323	5.94341977920638	0.0436167808936762	-5.64061072446477	4.85979661928047	0.465688595058963	0.931903176302963	0.980297194420031	0.552510132103042	0.825496232880467
56	2.53794865081214	2.67481272712804	2.29654082661855	-0.235484985130427	1.59879373546849	-3.42392101453199	2.89071315527606	0.270413544880936	3.95452559945025	-0.138635747578675	-4.0974160512186	3.11774517434678	0.444602273775094	0.325453981088837	0.705899514996376	0.365879902593897	0.720364667539639
57	0.802616522695549	0.42354221574078	0.954312776937048	0.399352026156472	2.53891017869237	-4.81132847093155	4.60422539215499	0.28333239939343	6.27328870910518	0.147497011720302	-4.44271819431598	4.97689298762723	0.421875001496082	0.379222083601241	0.74296884832638	0.168868307868483	0.544490531321531
59	2.02508227442236	2.48855326860671	1.84868872157149	-0.466783236582757	1.63148079763069	-3.40245933242708	2.48066036726296	0.274856577078051	3.58093785101983	-0.272233965310512	-4.92516202908405	2.63496588989834	0.378608615753595	0.0409834108649819	0.317968667139948	0.049041120632066	0.352401451431404
60	1.74719490749177	2.04361585877967	1.63445992693708	-0.312020151520959	1.78631801238425	-4.54581893047253	2.98155129853885	0.294703029885375	4.97764886902504	-0.155099075908518	-4.92622055253676	3.0035046010848	0.424988169913139	0.146707617176989	0.509595236128238	0.197165933499787	0.578177458850171
61	1.67896443756672	1.87075957712052	1.25266236268772	-0.449005447353867	1.85598899966083	-4.15088978421582	2.95124500864105	0.315103685574006	4.40005948540083	-0.222363951960968	-4.67060558020672	2.82716510046176	0.400568183752287	0.0880301340799547	0.441700375381128	0.106296281896215	0.466805870432608
62	-0.861640574949675	-1.14911592110896	-0.722778096092942	0.33514442340763	3.23398847075943	-6.8755087100252	6.5961623367269	0.351528004561732	7.94105259463303	0.0931821012242983	-5.20065597210337	6.06410569131376	0.430871213437867	0.879896210323943	0.965287349728349	0.275361044722198	0.643508044951727
63	0.0860311449336342	0.299879415328035	-0.0155182900447022	-0.220721598709008	2.77429464048536	-5.70392239147488	5.63631270990274	0.407788868720484	7.36164245307354	-0.0697506798072114	-4.48321533093698	4.00398393605843	0.460955987481912	0.5332331416861	0.822375564437139	0.585451435014659	0.841562579498462
64	1.60888119657689	1.76695910561689	1.58492844393055	-0.0907299520549127	1.72382393813391	-3.23007935904271	3.11777048380002	0.263962430395118	4.41591557582848	-0.0559875057879594	-4.15290939559985	3.57699471083412	0.472314245667411	0.620420327106565	0.859715632079111	0.634908663621394	0.865169889724963
65	0.136083070606118	0.104416954405403	0.167844536950442	0.166546242425211	2.26435036018897	-6.42211312881927	5.37746457233733	0.318551574169019	7.8191336811554	0.0579174085389377	-5.57777417164536	4.82933050643062	0.458589683693533	0.921495652492286	0.977324440205185	0.551722381806921	0.825127343921695
66	1.26887882810658	1.41838324168754	1.14093900575741	-0.222617180834531	2.02647027251587	-3.61003918943976	3.60868942382684	0.327759996921212	4.7319223102444	-0.0982816354655958	-3.70354110626329	3.31158757715241	0.455018940241147	0.55355467080852	0.82994387049757	0.486411568443156	0.79119683238661
67	1.61062541205578	1.96217241130775	1.3102669002443	-0.711825962066391	2.02092639123522	-4.25429799480437	2.85723766798845	0.363963920945825	4.37076591655987	-0.339312953721532	-4.37533229720085	2.43166015112502	0.366303836099758	0.0185973487857725	0.226539912284862	0.0219901266302764	0.26910731146855
68	1.04869563575788	0.737160090271075	1.24925865784595	0.465329246057881	1.79991361575452	-3.76942458725108	4.44209462704577	0.290939470815654	4.98908029731814	0.201696335778311	-3.35728692195787	5.12889093508028	0.39469948146977	0.11945118614639	0.480193648821932	0.0971368230199012	0.452748893948058
69	0.762760815041113	0.736540340863653	0.775421714202208	0.118463523985237	2.14153237076273	-4.40311933226832	4.47966092329815	0.308247646531645	5.523134313272	0.0489162198525638	-4.55013497255634	4.1705681154996	0.472314245667411	0.943575946183177	0.983522520236623	0.885915789876504	0.957732394640458
70	1.87124931183367	2.12476171716534	1.76424164029206	-0.209780824967322	1.51598166555376	-2.67223523526409	2.48446266920836	0.273553597444145	3.20995786263151	-0.132206618240101	-4.01315088729575	2.95643350594092	0.445075758614403	0.386523494199869	0.745944623590617	0.394522221951285	0.737931660558771
71	-0.384827110066074	-0.249231733713938	-0.425435758626995	-0.288293272544454	2.91473574973311	-6.35565735718223	6.36007207165354	0.383319154944399	7.79397112733866	-0.0810129396296503	-5.38567100151536	4.27863038479958	0.453857076117101	0.39698695194675	0.753669383238824	0.561792724307169	0.829801916176057
72	2.16859209577365	1.70747716924211	2.25717240365233	0.335497496958984	1.8949725012459	-3.23354899718473	4.10691208514722	0.299992087307013	4.70160944588263	0.165565202515954	-3.37122343126487	4.77342788005739	0.423295456013011	0.195567631951827	0.564870600623239	0.208375313400439	0.5941411196759
73	0.220993335785344	0.0561470105600819	0.251239938073269	0.0738829126606975	2.78594605923535	-5.43452669847936	5.33805258919136	0.400805378158744	6.42118299267854	0.0249212345715902	-3.83678077033343	3.80610874207335	0.488162879009148	0.924080536063224	0.978679245970081	0.748266717843494	0.907081930543191
74	-0.436701765624492	-0.180679823123983	-0.539118552229605	-0.298034205032603	2.72784294856408	-6.67651194469733	4.28646057683052	0.355268031042476	7.36846252636816	-0.105895171774843	-6.13463939665212	3.41876661899213	0.439867425382328	0.152551606962261	0.516556404046173	0.320860972628575	0.687177398080618
75	0.429092327663612	0.548594919391038	0.38444948764548	-0.29936067560165	2.33252058902084	-5.38646110823545	4.39138724882896	0.377835373740586	6.69272061448945	-0.120254809727566	-4.41879027577479	3.39140258702617	0.444602273775094	0.38258433173377	0.744719652198438	0.465388506921968	0.78003540705936
76	-1.07376820708984	-1.34046956022644	-0.79709431893708	0.821587427994089	2.93952410090605	-4.85574748186139	8.39053053191321	0.406824088179306	9.71451146057249	0.235085325426338	-3.24592790594603	6.47481528656193	0.363162881551287	0.0399377555948461	0.305137880654513	0.0371262764944553	0.316816842154366
77	1.0247963957303	0.728398868493705	1.09736580362399	0.178689267401574	2.1848614844248	-4.02417971349166	3.66054475496452	0.287507087645295	4.57740483704227	0.0782503762695992	-4.48033388758314	4.27943808065683	0.459753788635584	0.801810207483634	0.940921674207436	0.511044432774532	0.803411852717571
78	-3.78365349168099	-3.17012730610496	-4.53770108206631	-0.596232520118199	6.36882342991068	-14.002044574388	10.8039486295838	0.883386866881495	17.2975138103247	-0.0877054142935011	-4.86572358298984	3.53010456862091	0.438920455703849	0.307497443524743	0.646691941319217	0.348928247189232	0.695088241555992
79	-0.0238149813060113	-0.0382085980987767	-0.0169793120792852	-0.106005094829436	2.43378791303066	-6.7763921145452	4.49992881348183	0.348816178546022	7.24551068347962	-0.0357868075024267	-6.18815705469832	3.32583674775312	0.478219697377377	0.181986818134121	0.549212985348708	0.698658505138953	0.888956475776473
80	-0.139109918208366	-0.276515941877652	-0.0591848572178311	0.0166884567648813	2.55493625845699	-4.99637070308107	5.14957227998156	0.375130124655267	6.4478521909379	0.00692968739383425	-4.37842502963402	4.39995322806815	0.496450544316134	0.857197504917129	0.958872625100134	0.909541074536404	0.965318130863269
81	-1.06400513597088	-1.14014252381232	-1.01441815840556	0.192653414438198	2.76216014047321	-6.80089152931044	7.01893548376016	0.408962823650694	8.47002618028388	0.0565462161094281	-3.95247372995058	5.79056752303116	0.456439394759432	0.372928078295439	0.735180263514023	0.469959404472704	0.778146779967518
82	-0.683034272376856	-1.08933830509877	-0.433050925100441	0.614905036953295	2.06434916078837	-3.11330260720712	7.30660737544418	0.340119505324375	7.53037363480553	0.237520639632942	-2.65321035054587	6.55525258762036	0.362044489299129	0.00565638902181705	0.179564857677386	0.0333276182247082	0.305034445396968
83	-0.132366392844872	0.379080776963512	-0.250342100149362	-0.602424467691514	2.74701368751268	-5.7252823797727	4.20495616875709	0.440598081199865	6.51483305230266	-0.215004058014276	-4.51920359673122	2.71327739584668	0.407196971492605	0.0830748327397643	0.432948920992789	0.121949003376073	0.48406764309838
84	0.213966806608912	0.619764712875825	0.0166718240904702	-0.422794024465304	2.1621326758396	-5.40155938269523	3.96683494833105	0.302328025495267	5.8012586247509	-0.179547069160682	-6.08757794615767	3.11295992682951	0.407950782658603	0.148564044527661	0.511946790036717	0.136482922864244	0.50358482696135
85	1.45513100955338	1.73110096790327	1.31021492724425	-0.439564986888906	1.4994100692188	-3.37490909542132	2.24637657619837	0.259703050612799	3.51670916186219	-0.271934582032727	-4.64272461887906	2.48313934590048	0.37594697216659	0.0447894259073226	0.331369096229826	0.0517835104873656	0.360705816804683
86	-5.24692751376863	-5.25506870270312	-5.23949927020913	-0.278565127932719	5.60491331577813	-12.3878215120605	11.3200252863173	0.831766999701334	15.7063131962654	-0.0478449675532975	-4.3964047846598	3.79025453669364	0.47774621253779	0.700695841301917	0.885592611280001	0.718136248682302	0.890214710704935
87	1.79834718735585	2.42389079750648	1.67444283055762	-0.444833096188515	1.7983778847774	-3.47778578125067	2.69344977637425	0.239067164068778	3.90951367899707	-0.261357024778081	-5.48235712690024	2.84235681101303	0.381628790221541	0.0394530178109003	0.313910169229538	0.0660544635477796	0.397033769222018
88	1.73923035726076	2.0752232859678	1.59054684397646	-0.355802832322549	1.58101958440248	-2.98911742812168	2.81369476128447	0.223229812019732	3.77537650935042	-0.208085263634335	-4.25051460077747	3.18539100165936	0.405303032138011	0.212380464766848	0.581856449538083	0.138538794452234	0.506943940953167
89	0.0290940873478229	-0.534240265212151	0.221097117584935	0.847073448081606	2.09062661819814	-4.93671039686617	6.22119804926513	0.307370776690982	6.86782332535411	0.320608987679274	-3.24921035502167	7.0273324319952	0.312026519241336	0.00931227205481768	0.186052598712973	0.00235928892639738	0.171655178884951
90	-0.49802091522646	-0.693990462504376	-0.439135437368329	0.112056430467875	2.35723254673078	-4.78573278770894	5.44451764134058	0.371062774173792	6.19939781518338	0.0428917798679086	-4.32196897367311	4.51148720435959	0.478219697377377	0.883845363643706	0.96456972848218	0.756947478950894	0.911757062030679
91	1.90371625327424	2.21690681505442	1.75866265609423	-0.545911189974412	1.82547197689652	-4.36287968465517	2.38379506338693	0.341794206278235	4.46830129963195	-0.28360968024234	-4.58985442284197	2.40576764454724	0.371036443657639	0.0138042452309597	0.206440733788316	0.0373194910861659	0.318657764665649
92	-1.91188626249468	-2.08691802624956	-1.79054742307992	0.534904861417338	2.6915232878402	-4.63160535828622	8.47369224328755	0.438108001565319	9.5582045827664	0.154153641127957	-3.36221138468692	5.21741858272501	0.412878789557377	0.102442604741772	0.443585924467174	0.199139629517454	0.573383722473489
93	-0.765599102152842	-0.968551207437024	-0.633909774745921	0.427484497041981	2.01166053161555	-4.37606852980382	4.92345918968637	0.266172417732431	5.63210896651316	0.179571674543508	-3.88900586976183	5.36326546294633	0.380028398022022	0.135055969853871	0.497123183911571	0.0786737852143038	0.407922092206683
95	-0.897363550355987	-0.947014143051696	-0.875552864062652	-0.0461432529709604	2.79001330428169	-6.41398443015841	4.24593696641127	0.323111069205306	6.97458879648191	-0.015415343396108	-6.56330654427281	4.23736373707385	0.488636363848773	0.185307331598136	0.552032133623925	0.759581649708597	0.910003935862017
97	0.248857863476779	0.152521995296802	0.315075900634143	-0.118562408683403	2.69663753177339	-5.00926349019572	4.22062956003616	0.39244682787631	5.48595878390367	-0.041808690435137	-4.22189957732901	3.11474169740053	0.477046853245219	0.499014294181641	0.807596385483329	0.704463982892723	0.892203899741154
98	-1.19373565295788	-1.26891095390979	-1.13343800936904	0.112076143380865	3.06302132756332	-5.74184989903775	5.77461327411697	0.466333074521617	7.75529543982055	0.0322442759537191	-4.00697671201872	3.85057601751547	0.482954545773365	0.684612275846491	0.88989388873868	0.769651320036295	0.914861162616855
99	-0.96115256731415	0.320356275883506	-1.23679088570065	-1.23149790662719	3.01786023931	-7.08226315125104	4.04817569012284	0.487412737671407	7.83084982684959	-0.382850195978696	-5.67681756087035	2.29452878571011	0.338854712300976	0.00551991240629982	0.179777236094127	0.006706356442013	0.192773506579404
100	-0.200948873411036	0.00123653393145862	-0.299937742043665	-0.453480295326774	1.90442905850523	-4.89412352229433	3.07144705304127	0.339389288431861	5.29540415406361	-0.221151907483006	-4.74700836325882	2.78401257534978	0.39469948146977	0.0768278213702698	0.417316467694784	0.107860292192855	0.463433834083521
102	-0.789023338028506	-0.843854886069809	-0.746458788083993	-0.00484055012601736	2.05314588877425	-5.11855752893111	4.85789470624242	0.31248137030371	6.43213413118948	-0.00151808349102814	-4.61374653722478	4.14986132516049	0.499290108863226	0.817418062234615	0.943070758788095	0.879269614111144	0.95627327848762
103	-1.38443267945445	-1.31229776940405	-1.45113761742595	0.0200611080606983	2.67395023113406	-5.35648201317242	5.24675038900472	0.506367805802343	7.47882474995216	0.007194453445837	-3.64456657391477	3.5504932713781	0.496923805073982	0.851421363256737	0.953999173744713	0.86737912072566	0.95051288572336
104	-0.692908871090123	-0.613563972653228	-0.715747019846185	-0.117462171192358	2.44149823875287	-5.70089393343187	3.78155782478651	0.294823586618795	6.24097179292093	-0.0452746279942895	-6.45194461781291	3.27686653665613	0.464962121869941	0.176520477715078	0.542784861575416	0.556635881335843	0.820176741719946
105	-2.49230127638003	-1.89478022002282	-2.80627670082329	-0.05461718948259	4.75324270704609	-8.91285724640731	8.53499525047551	0.688257279162248	12.0485340958391	-0.0122242036325997	-4.24773663593912	3.84334948182673	0.494318181924345	0.709986974285298	0.894688690986187	0.842232624776032	0.940739402395322
108	-0.702214931315466	-0.707767211638724	-0.69758670789551	0.0119691221289289	2.18705197364428	-3.81372120015676	5.68733627785132	0.301531296715689	6.3880041434271	0.00520658058235963	-4.05449650322966	5.48143527921941	0.496685606122529	0.353284114585115	0.718464754213759	0.832237251181474	0.938969279315664
110	-1.9796100069642	-2.534913135115	-1.67299490599256	0.959586526957907	2.98690685903275	-4.80013646101693	8.8237179789147	0.407419431977655	9.46360745483558	0.29442963745294	-2.8282220612479	7.30595857239438	0.329071973312877	0.017239104375537	0.218602706915422	0.0153563266391091	0.233865377969909
112	0.320554449450009	0.668600259413024	0.164204102961606	-0.400871880356028	1.77934412298335	-4.04625188873668	3.36548664383575	0.293971093227586	4.5066029755905	-0.199345922419615	-4.85698798895089	3.4600353107206	0.405111218117405	0.146299004381768	0.511096363470072	0.154064929375799	0.525161012325707
113	1.00277527452396	0.908656261347302	1.03079321617747	0.0982919750893618	2.36373258381735	-3.99364234766003	4.5979116158806	0.446208906462883	5.12419945733581	0.0422970511520036	-3.0675209865832	3.65265624843331	0.479886417792018	0.556896893363697	0.831892074763693	0.673815575887099	0.881293578644706
114	-1.00674362952889	-1.41890355253148	-0.706088763947629	0.571709450025225	2.50671250796569	-4.9291189787776	5.6016824495205	0.380561653633457	6.5590120778326	0.204314594843523	-3.19603640991293	4.89131651074299	0.393465911175866	0.128813936252784	0.488435436987592	0.0803437525949506	0.416872504662509
115	-1.06332086151102	-1.11766350984709	-1.01787710812442	0.180927574940406	1.8061245258931	-5.82991861603223	5.04769011028618	0.270342919327809	6.91975263364408	0.0792554351412773	-4.86118611712813	4.94688549350281	0.44933712216844	0.641213419599144	0.867949066842792	0.458938191045394	0.77124051014756
118	-1.90104547540598	-2.09928303148539	-1.70422518662327	0.653069618324167	3.74419544116601	-7.0111246083729	10.0940083813361	0.409917574360409	11.6321234335098	0.152851069606153	-4.03860511481404	8.30217688596242	0.391859916930506	0.0842209176647089	0.410480388764451	0.122784198021898	0.477545153901035
119	-2.25122090562678	-2.0970168807493	-2.35446855328677	-0.3887193277129	3.21451133933177	-8.85417923835743	5.89296551593198	0.529910485498538	10.0007386586418	-0.0937967349414824	-4.81283836886056	3.26978511354505	0.451704546365314	0.331100917462607	0.692062847912058	0.475151235006203	0.77880858693699
122	0.554009348275804	0.72469657181077	0.466688400855922	-0.0628859129262844	1.71205722589796	-3.94823390018876	3.85952099046655	0.24634637415638	4.86654600245795	-0.0300826694800864	-4.06103322354453	4.58044822030468	0.480587121575346	0.902568966473279	0.972994601042199	0.710837590085533	0.8923355387074
123	-1.56407169145005	-1.56168632154517	-1.56730773678172	-0.0108823198040238	3.18907630442993	-6.23217205622596	6.36957316681317	0.47875932126535	8.25428931441407	-0.0027087989905313	-3.76104409997504	4.2327557365907	0.498106060641444	0.87784304088148	0.961935674703768	0.884032513755034	0.957796251512507
124	-1.11196929353655	-1.3532106419974	-0.94236202805756	0.532484170000096	2.2639925183985	-4.69244498338454	6.31043407692467	0.311272630837963	7.48235310989815	0.197413446649841	-3.72458311575514	5.75670593784569	0.377840911518001	0.127984735226528	0.488233583118855	0.0571818080237243	0.36382786593454
125	-1.89691259119041	-2.02322541376374	-1.8654066130779	0.204913736264216	2.72667139499411	-6.12850530325605	5.64302438656915	0.376725725574418	7.29130730774813	0.064181933850436	-4.89126289659344	4.24560873419163	0.469223485425648	0.878710897661342	0.962756094571884	0.66867919082764	0.871788628289656
126	-3.32068421021108	-3.28685391436187	-3.34085919280531	0.216123893626764	4.40340155346992	-8.92039458737204	10.8027903333429	0.700775180496169	13.7706218113027	0.0446151193452213	-3.86188366552752	5.09269448248313	0.476799242858622	0.497055667795114	0.782083193087392	0.693762587760785	0.883344842264836
127	-1.64997176581229	-1.52776577399107	-1.74188851543629	-0.0438852131440983	2.37408084186174	-5.17446867541231	5.93270540703363	0.363065023964577	6.92497729307457	-0.0176630084366224	-3.93169832478763	4.35612044666875	0.490771415221999	0.882595464473031	0.962482592795977	0.806665968216935	0.927547776768981
129	-5.01709580243913	-3.87238036157624	-5.42793815913017	-0.655004553960485	5.36365886070563	-11.080723149585	11.310776679309	0.769676752988888	14.9163372612158	-0.111907316651489	-3.86227683723637	4.16551192743099	0.439867425382328	0.57906059745704	0.816260836336656	0.381020144430923	0.705981695522747
130	-2.51354959950885	-2.75831744836687	-2.30629382278534	0.502686015675124	2.38430446484245	-4.74746111760345	7.52651671592965	0.382832328061824	8.90490158655447	0.168783249196862	-3.68272727547137	5.51943451179545	0.40369143584695	0.187323388210743	0.55055824461372	0.147318575916555	0.507019707313789
131	-3.06584816103272	-2.22291465891699	-3.47567292432692	-0.518895296448157	5.61988165687634	-11.2379679692129	10.412722122661	0.766192680854832	14.0427668663036	-0.0892747092268992	-4.3086488844646	3.61169321289964	0.446969697971698	0.544804103353043	0.807149278226331	0.468517340522002	0.772936518548162
132	-1.93254905888707	-2.11206465708682	-1.75572098615319	0.601193930676292	2.56358005149497	-4.31505672659091	7.23377019773861	0.424396094815512	8.01847489549218	0.213356986009923	-2.90497454157039	6.07314315331238	0.387600570122474	0.0501444813577832	0.328288914709283	0.0967890966220321	0.436585950892405
134	-1.48534283077135	-2.27830129824357	-1.15589157041496	0.815710645548814	4.76803012452151	-7.54206549227965	11.1280304895077	0.647666460921471	13.2165089535688	0.172111448377684	-2.87871833760116	5.99715725200641	0.391571971822619	0.101985536129415	0.444846649007308	0.0908214921243323	0.438871351256576
135	-1.97991920991523	-2.20877809296029	-1.89236260713844	0.305893707160248	2.33793819630323	-6.25183726975181	6.03692552357735	0.355677956837414	8.1912948721517	0.107850871113491	-4.52860453948225	4.92417920631585	0.441079035663262	0.65637795366424	0.875572464785232	0.336217425608256	0.690175669465871
138	-2.44581355705515	-2.39823436638207	-2.46153121437877	0.0303801495009175	3.96682559175527	-7.34923997716107	9.17414448236544	0.460293131854835	11.779692640575	0.00530723774256124	-4.4701150855826	6.05544629220959	0.496450544316134	0.640042833916955	0.860997990100345	0.845624557733454	0.941648854288057
139	-2.81380263679553	-3.02341556792307	-2.6911448666046	0.311657578763062	2.6006171304426	-6.44307991144975	6.95681370438006	0.416023674387602	8.51620558801782	0.105300893442643	-3.96383507837918	5.37709437090463	0.446284903995822	0.386121582278569	0.728747734192525	0.393010416920722	0.71982733913091
140	-1.06389238356366	-0.345471037457	-1.43395850148539	-0.870061715966632	2.34607813669355	-5.27064488490849	3.65184875607788	0.422434345386989	6.30640442649034	-0.34463570833186	-4.81727122267511	2.57363789363392	0.35132576062274	0.0225963256401207	0.244685705053189	0.0228231954895832	0.26988369324923
141	-2.20733465077038	-2.36507838045259	-2.14073251124074	0.393949161268889	2.81949287510765	-5.97580732704678	7.85622755535564	0.42080780418462	9.09616313834244	0.118139953854838	-3.46399007731458	6.42335309376322	0.423768940852005	0.164735275575673	0.529772716403617	0.263192876486624	0.623469459895208
142	-2.61240168342158	-2.85944027968731	-2.4765430131785	0.209515654401582	2.6603978196317	-7.42643340012172	5.46166927518656	0.479133972417845	8.5769089344007	0.0670192520265934	-4.20428137664143	3.94280961588165	0.468054898847623	0.862909519019384	0.957411944404342	0.528996484523916	0.805223857411285
144	-3.32184200860417	-2.98743411746863	-3.61212323046154	-0.476695722130287	4.09772224733407	-9.13153818698649	9.13790192272086	0.539597911302627	13.1857338854431	-0.0983592931905893	-5.33556050303442	4.65271602391135	0.428774255971231	0.519305567286271	0.789875852740617	0.300776386843143	0.65979254093333
149	-0.959093411284939	-0.788865928032314	-1.05330263475459	-0.402643868295172	1.94506187023636	-6.53419955729201	3.71410278012565	0.331520696407813	7.20156781657734	-0.16151904105139	-5.73789094745681	3.18647948491506	0.412210129471095	0.123492989405557	0.482295628075715	0.207501163453585	0.581101500725633
150	-0.957328280062453	-0.947833867799534	-0.965655763417029	-0.019184251317891	1.99718574571812	-3.9698360769994	3.99878915472619	0.286773923102484	5.06582837581738	-0.00957929623326972	-4.96019645288881	4.15075518401611	0.495977283558287	0.595655786563165	0.84986298487318	0.786884135138189	0.92251952583218
154	-2.48070508256066	-2.87238166189518	-2.25258420758613	0.885745631822283	3.16279136526921	-4.90339000002944	9.65677374724093	0.494872025805812	10.2853837008411	0.244342244024443	-2.61991267507337	6.09047386725176	0.357311881744588	0.0253991606338743	0.251483441380078	0.0396084371634955	0.312298350914933
156	-1.81909020272566	-2.09358159934803	-1.65665855239466	0.445539227800925	2.31490143638223	-5.45076578107052	5.35246121630588	0.413396046739227	7.21959903402719	0.159393636068579	-3.90462620765785	4.33088201050694	0.417415997798544	0.433967603844048	0.763241774361244	0.226620000559086	0.601154313034438
161	-1.55764609129424	-1.50890656379906	-1.60029345373877	-0.136055050141	2.28950750432433	-6.16488404935407	5.72060962986939	0.391483950411586	7.76446207557675	-0.0464574591749139	-4.85078531054933	3.93707443331408	0.47206439446293	0.582978892992099	0.841811008077761	0.554562222689935	0.823125863157651
163	-1.57469297009597	-1.5351227354657	-1.59922312098486	-0.068877040679995	1.96976009324151	-5.54348124061346	3.62242625332057	0.300067579289174	6.21094161324345	-0.0294393046063963	-4.90521015573289	3.66097174709028	0.482252721581073	0.432108691274279	0.765131417889935	0.709607623236335	0.886899890486177
166	-0.821679801518411	-0.934351156984387	-0.780014617224245	-0.108532767384326	2.73135790523523	-5.29440771844657	4.791712689373	0.470152747098843	7.25125799980126	-0.0347987604666521	-3.94793040961626	3.36085626114086	0.485321969971426	0.645447847479028	0.871527059954709	0.798962408566939	0.927312892132034
168	-2.94207666852125	-2.75759565097181	-3.00701772074843	0.0851663280317618	3.49455326443892	-8.17342374678685	7.99073398975795	0.471176971039351	11.1761444833644	0.0214414399105838	-4.19375154897854	4.84456823734254	0.487689394169524	0.748797347620803	0.91259345708762	0.816536803082564	0.932997113507438
171	-4.81697901416603	-4.65359621541536	-4.8528695997701	0.247105276823538	6.17497541537959	-12.1620424051246	11.3401546429571	0.779259494696107	15.6992774793451	0.0348535758515456	-4.37529883955176	4.55957241654227	0.474431818660744	0.660910496873359	0.867866408910813	0.62108877392922	0.842232150481513
173	-2.80905588566329	-2.81724714604029	-2.79930103850941	0.310254417565273	3.09894473777572	-4.773031016853	7.58930489747448	0.448190945763283	8.43690165008292	0.0967036618390338	-3.2607104686635	5.51910441589922	0.451231061525929	0.103158690214964	0.443295463675906	0.328616888065937	0.67914876727571
178	-4.61310019949734	-5.3237965965298	-4.20776222796599	1.18785220184862	3.7959144555856	-6.0213683415822	11.2832178964199	0.634861282230894	12.4364897988004	0.271452632661859	-2.8107739255289	6.29547041593039	0.356365360233905	0.0261333676686494	0.24099080124651	0.0277510416485601	0.261546832676317
179	-1.45313516050204	-1.577186840839	-1.40571838154993	0.0376537848019209	2.14662053938067	-6.21499739150033	4.9848113300269	0.297809688407547	7.18393343228755	0.0134152414247844	-5.7612270080051	5.03980569732861	0.491477272886543	0.682955302823975	0.88616467908239	0.807721565111472	0.928080154536482
181	-4.77929252731905	-5.03372612313162	-4.66914092566877	0.61407277674579	4.44554652211234	-9.24095713398608	10.7146584585652	0.689543659806956	13.8732201807589	0.116312772219878	-3.54435442232009	5.52099828379139	0.435873167331451	0.370328824521995	0.694849810806954	0.317382648587861	0.664130486437099
182	-4.50595672304375	-4.8596507412805	-4.25760162416691	0.66408120705433	3.07653727173814	-6.59358454755245	9.3649327624837	0.492796960168131	11.0733604982768	0.170912371403264	-3.50555729885391	5.57945395009603	0.39469948146977	0.151252914374436	0.480658486442858	0.122733407360991	0.454824368392894
184	-4.22202000499952	-4.41156335858399	-4.10129310885324	0.562658463615438	3.35029937604401	-6.2677567587089	8.79809671416767	0.610371145983638	10.7243193606129	0.134965881166965	-3.36561812971144	4.80220810322622	0.426609849886137	0.251751286517478	0.595352488655704	0.316331385329615	0.654165368164348
187	-3.7068922235852	-3.97714103945237	-3.51302304860054	0.283536735265236	3.40033912728838	-6.69704184096898	8.30644414366667	0.635981881846243	10.8326535516781	0.0702139333793254	-3.32565110758667	4.4233422877525	0.458589683693533	0.541108894302765	0.803949375247272	0.58715514136321	0.832442440649176
190	-3.70770996807338	-3.64468727734374	-3.75389197122308	-0.0684689622535348	5.09217112322451	-10.5875387358252	10.2394104428692	0.659355269460509	13.9141288256518	-0.0111201797700276	-4.45512100165228	4.53979296731633	0.49124467597984	0.746321698424106	0.908568009795267	0.849135672233357	0.944755041454936
194	-3.82039934423787	-5.29953288332366	-3.52481305215126	0.891310126618068	5.08048253079615	-9.61516383030411	11.3112677223263	0.801936127088313	14.1322507720563	0.159219371873835	-3.33571868550239	4.94443958691886	0.423295456013011	0.25398443283748	0.603258119106183	0.203970419658254	0.573176527891012
196	-1.97606660201313	-1.78896687452315	-2.05530522690785	-0.401187689100773	1.94860300719398	-6.29097218952176	2.92025168365867	0.316184407868283	7.08336982249035	-0.176726672815443	-5.91155980080018	2.60747957526187	0.406531000387956	0.0664080619713627	0.377401214194858	0.170358717908281	0.536329896995777
197	-5.76251187651409	-5.68424405195618	-5.79768360716154	0.126563917766314	5.51397328837867	-9.73840975951649	11.2535768087025	0.953143050927256	14.8832047201959	0.018941345639739	-3.69097754841578	3.90363069585325	0.490530303207283	0.682595376832032	0.880336085201906	0.766249990641195	0.912554570364819
199	-5.09263531633336	-4.86127316636142	-5.27479212912102	0.00957297152410685	5.04086118079755	-11.9255676461805	9.78719663184305	0.771890155090287	14.5988733005595	0.00152672931492595	-4.87019535360436	4.05523943771199	0.499053030320722	0.572144896683097	0.817710940690026	0.742107295470836	0.902270686890964
200	-2.55444793808648	-2.25559026310613	-2.64755083030027	-0.690013378022562	2.45065874855361	-7.39900089291924	3.12715122718232	0.380815293737149	7.84854801551984	-0.251963968682061	-6.13297168109134	2.04704181986946	0.386654048609724	0.018988112841498	0.226405574187148	0.066347331496945	0.379953819549522
204	-3.87573847025846	-4.08932384048083	-3.64211181448919	0.497457630940681	4.5837070319956	-8.72541443778194	10.8357444199087	0.761145954880286	13.6245894580935	0.0874406213238354	-3.85955425253312	4.26996655687653	0.450284091847174	0.434033948727945	0.73988384660282	0.421221533313033	0.745313599370876
208	-5.66399460063033	-5.99540686856967	-5.39603415306014	0.754282481832624	4.71950519108082	-8.5962163734438	11.1517606345822	0.820332529604071	14.1255955371492	0.13376992484361	-3.46467448831246	4.42732008927736	0.427354473699388	0.313119594827549	0.639417992224683	0.321697903731505	0.657725248936898
210	-4.59842881891583	-4.47565777564913	-4.68361450414617	-0.0417992564329728	4.63552356666636	-10.7850261039715	9.6032173815237	0.695270730932929	13.5111083612709	-0.00832142087423177	-4.72511557220174	4.19374576799901	0.495738636443254	0.698184387301217	0.886735975561267	0.774975708027956	0.914394700689544
213	-5.15839765063419	-5.30760414985837	-5.05960767707165	0.213883300684111	4.60255901914011	-8.73976677868743	10.2563135989816	0.813148899025365	13.3181605861353	0.0425081695229262	-3.37848552829867	4.19063708898768	0.481306200065445	0.545824242860084	0.795548030373909	0.595183748135956	0.831777771795761
215	-2.60048474762575	-3.02884844426153	-2.36323941901718	0.647267867876767	2.22086785405555	-5.16044104179368	6.9384844347806	0.432623645722412	8.24059248191085	0.219533401687696	-3.76771482198488	5.11675056371305	0.379081876509723	0.205204701973062	0.553168571363291	0.0657631804851256	0.372017993240089
217	-5.32762766600207	-5.92644955397938	-5.03414349028324	0.739297068104519	4.15515740146606	-9.63335209974324	10.1124371395501	0.615574822075985	13.7572085455933	0.15300815361747	-3.98930284055484	4.99974678531314	0.416469476284379	0.34229434041426	0.668075775734221	0.187538072318625	0.536636931011773
226	-4.7542588696247	-5.11123230791214	-4.5648934856258	0.627255153605255	3.90472677293947	-7.63047827085778	10.2956872089096	0.753665413369744	12.6672907976673	0.134419672748031	-3.20734480645256	4.89301278701953	0.429247516728528	0.215366856644211	0.560747524648268	0.283535966386261	0.630164369111733
228	-3.78000697008824	-3.426026633436	-3.99935965703941	-0.403256151123363	3.27520125113864	-8.6365833026057	7.82577027761327	0.54902581063457	11.9703438449221	-0.0984462802278174	-4.98726022048824	4.06518335454725	0.436819688846266	0.384773300011934	0.707549818436339	0.34890524682166	0.696456817186984
231	-2.9432169956194	-2.58089980077771	-3.23878230473797	-0.408192694741973	3.84568110091083	-9.36310857259511	9.17020759306954	0.481167061543763	12.9733219035522	-0.09121455884712	-5.37229708231407	5.11434981128717	0.439393940543085	0.500192806500851	0.780722906259377	0.376537273370739	0.7205306101993
233	-3.63003262193532	-3.41648732852116	-3.79089559644202	-0.300771097361327	3.37032049853224	-7.65976396919885	7.78992268901545	0.531326680242037	11.6030227530424	-0.0794834225104777	-4.87391735525475	4.73725333865305	0.450284091847174	0.701869424676007	0.889847223769461	0.54339508304729	0.809912210067934
234	-4.77334915921903	-4.78730466117959	-4.75418201953544	0.0847532696152369	5.04815052169849	-11.8995449391761	10.4237150581011	0.839481549934924	15.1057308459263	0.0121635219154283	-4.44018974852527	4.2929449311815	0.4940842405269	0.689028419619182	0.883525771489678	0.769198875892367	0.912789744310108
238	0.844988914527258	0.844966836193523	0.844988914527258	-0.212645785325754	2.06574769867976	-3.81793798196233	3.5721752860852	0.256698353587609	4.29547682065879	-0.103031038496472	-5.30936096709508	3.64306986420048	0.44933712216844	0.211599807062225	0.580582802668621	0.493997113372973	0.796209281269173
239	-6.25138323648097	-6.08559821971644	-6.33736180436967	-0.254971030834774	5.71659917344053	-11.9588381746797	10.2598634949589	0.963987783636964	15.1072478114712	-0.0445389449954623	-4.12050461555202	3.39909747146997	0.477046853245219	0.592650284511289	0.825722049177636	0.675788806150974	0.872194237056268
245	-3.51379286746885	-3.09140608314001	-3.85608908572093	-0.708286945813654	3.16073839681102	-8.64092230472338	6.23181293661864	0.51483091366934	11.0207024419756	-0.197835815728613	-5.53398941568858	3.07712161562127	0.390913395417519	0.102144574401443	0.414291653101686	0.0986795716426321	0.432623941707373
247	0.442810348739391	0.338258915809119	0.504258684382122	0.166873974249873	1.7597279576922	-4.08015868110112	4.36332654051152	0.279642501292431	5.19802961405612	0.0779167977733358	-4.02593617380649	4.98836741747413	0.451490772329061	0.555555295260152	0.83157510080873	0.496351694911748	0.795479731057927
259	-6.004258112447	-6.29415206369176	-5.83600678496009	0.457351179379944	4.5872370703909	-10.9065434714289	9.50841882628802	0.799931984177526	14.1308355326599	0.0871558347849769	-3.99385614271333	4.1023360342229	0.451231061525929	0.645247819022965	0.857412130790627	0.509387485293825	0.77413879380777
266	-0.066598166553316	-0.235117672297	0.0509854395056921	0.367028119731357	1.50868995583436	-3.43447755199505	5.99530293028974	0.232210660218666	6.4574764643143	0.181435855128086	-3.97797222046193	6.38915288488408	0.379261366031718	0.0792040836607613	0.42321088052164	0.0718893585112894	0.396249799431343
277	-6.60999435894137	-6.41970519619479	-6.70910644650832	-0.459614174150887	5.41694037824134	-12.4019740077258	9.9756554464231	0.99853344462479	15.3669879960727	-0.0735975186685642	-4.2360863393838	3.51177200217395	0.465215334301242	0.470400594959613	0.74629702079926	0.58385703280535	0.820562818569082
289	1.16341176873453	1.02050786069925	1.20801066161892	0.102443391450745	1.95031226339045	-5.17176097781019	3.68208462857642	0.322400214080752	7.03872455752808	0.0501901867894424	-4.72289076302706	3.60229747059261	0.474905303500314	0.895571295293452	0.970119194788868	0.688404655261432	0.887560379585715
290	-2.04696292118511	-2.01559751489451	-2.07055638151726	-0.123907278504536	3.09841781567411	-8.27314826132492	8.05575118041348	0.474156227324369	10.9426745989155	-0.0344178545458399	-4.72624479273826	4.37767723186846	0.480113636735749	0.784576502315941	0.925662646473919	0.764794736682941	0.911884488885167
296	-0.106197072265399	-0.231815130355473	-0.0520217143859663	0.142082063516385	1.98061151061406	-3.65818248359742	4.90403714362357	0.302510240595852	5.25485104466466	0.0622007715664887	-3.64436713832768	4.9339899455844	0.467581638089884	0.530404718732765	0.81969581645876	0.587279402336516	0.841337069994043
319	1.39299406918216	1.33152918708835	1.44407332024062	-0.133690408590725	2.1538189950533	-3.94704372997004	3.50336273210488	0.317430028854523	4.48803246771119	-0.06375476354249	-4.05035174924146	3.16864460123914	0.467803030907049	0.512244610104148	0.812383627535254	0.535999036104788	0.817839950724468
325	1.84039095486996	1.78152426054967	1.85447614719118	-0.041872410584773	1.27446172234208	-2.33756103244587	2.13273747973554	0.182090845474388	2.80848040962401	-0.0326745488957519	-3.61999828286821	3.54761325274771	0.484375000292197	0.852078867547425	0.954445012229775	0.864585794975708	0.950050659034036
362	2.07001548838364	1.67482249737403	2.25912881693797	0.648524107689326	2.03989345795677	-4.05456502182858	5.10424882761872	0.266002949545422	5.66449856179867	0.282720536412572	-3.29466950746899	6.73194558594591	0.326076671937271	0.00943969651750375	0.187654902246332	0.00534339384180948	0.187138207011802
378	-1.03612431528755	-1.0933786113006	-0.982270490875054	0.0994683075951563	2.03043782158213	-3.99550141960518	5.56184451664179	0.375204998252274	6.60854396373195	0.0373960750805237	-3.54810325319196	4.33323994607917	0.481779460823258	0.543545277182188	0.823994206219499	0.736184296738621	0.904256798782345
388	0.0357745701144934	0.228802365961401	-0.0214532807873988	-0.235026712425694	1.6105639397765	-3.72373040971957	2.68945519699241	0.251789701317963	4.26638902670585	-0.135580661451235	-4.65875140682957	3.02118255346062	0.436819688846266	0.22198394752448	0.591953277975264	0.357034703775074	0.709566256201514
393	-0.739118343087723	-0.719355760457761	-0.749530059131233	-0.0397043474240126	1.49758473575277	-5.05535561400814	4.4091465845409	0.249752330847447	6.26393339261667	-0.0179210189064869	-5.99614825756434	4.71928857127068	0.483901515452584	0.548768983511768	0.827974937488277	0.710376624302852	0.890099199914336
407	0.548494842771719	0.529858616827012	0.557796071437983	-0.0593197776981595	1.49523464490349	-3.27884014867382	2.96534201478211	0.247824113727128	4.38625921964355	-0.0386681352405863	-3.93306213279873	3.718657683282	0.482252721581073	0.726666906884533	0.906827035721399	0.816404504061445	0.932871653671136
457	-1.8053787601747	-1.69634187558145	-1.93204092481653	0.087327696852916	6.1787030708121	-10.6698496153505	11.8182338704876	0.58704667776492	15.0824838574631	0.0135914012290202	-4.89511262603612	4.40839124228532	0.488878372190647	0.772075429123461	0.921150708593484	0.829033573719287	0.936229759056932
474	-2.28545164383112	-2.5385631599039	-2.14375843074694	0.0129755075318219	4.51482099482423	-10.0074559510629	9.27889907043794	0.712639507131285	13.8760201111423	0.00226229602058794	-4.1283247752672	3.89469495759507	0.498343587347528	0.767125435235219	0.920911811350122	0.869495164804835	0.95195877839504
492	1.92867927126362	2.00747977658005	1.84551213446279	-0.202580413076104	1.59215606859478	-2.95981291716223	3.33126071947468	0.280882073285018	4.10231085891598	-0.115519854651431	-3.98166902004084	3.75508370965078	0.443181819257201	0.679812783445249	0.884979459493615	0.374057901172013	0.722614195296155
501	-0.680167751842816	-0.841307497019495	-0.543103171267138	0.227442568056042	1.47298999546364	-3.36281820714146	5.31369764909709	0.228155947285713	6.03889194367863	0.112603054023116	-3.63744086800414	5.84592575732081	0.432291667955245	0.194322758919879	0.562487642235195	0.2277578952232	0.594212103934586
512	-0.650780471662986	-0.636927934051287	-0.662479547984693	0.204368404018125	2.8430985192441	-5.42742177254255	6.68797594444131	0.498213037937551	8.53093845835073	0.0635001927379299	-3.58514183505144	4.14336964675374	0.46900142036311	0.617258928282842	0.858205156521472	0.682882810315702	0.88336630765483
561	-1.85166279892207	-1.43738881745872	-2.19401043239205	-0.143760126952425	3.48397671004558	-6.49842136286395	6.4827525251445	0.484698774496862	9.47315733838555	-0.038954391329297	-4.27196992241101	3.84568588597418	0.477272727698205	0.719409273076944	0.899853521284564	0.720638031784202	0.896208430348384
585	-2.60500629794245	-2.25834357617197	-2.72826842985451	-0.414161566895124	2.98209022613037	-6.98864547629709	5.99070443158619	0.552671485402065	8.74218098562386	-0.123769783533438	-4.51776689807985	3.12950313376115	0.442498817935707	0.369129870050866	0.707131098660063	0.330748154999786	0.685995575678042
593	0.634061760546196	0.484399770443535	0.682331692123562	0.265281878705805	2.46898822764787	-4.06754916309954	5.45362966157867	0.398512824274124	6.47857105738395	0.111698161044884	-2.97489065491547	4.3998634632092	0.446284903995822	0.258986979240919	0.635836123849124	0.411954808044235	0.74921791733106
635	2.26441091723451	2.57174582584187	2.18428680363145	-0.327773991757017	1.07958295450481	-2.1494023662398	2.13500311411347	0.179990033257365	2.84821400085148	-0.268023078160297	-4.47824891508379	3.63197805248016	0.387127309366092	0.165950927246867	0.532149370579163	0.0832625008628688	0.428833639828466
643	-5.69530879959163	-6.02192520686944	-5.42347575341615	0.728964576886615	4.29761132785592	-8.80182472501608	11.4913267101306	0.639598554929794	13.384338713847	0.139774141128008	-3.65924774136959	5.4609094486766	0.419309040826985	0.30310701861967	0.637430562820956	0.255784331426256	0.597113522937523
688	-4.22549273897865	-4.06633408444612	-4.3343253745727	-0.213087151753938	4.47120490974491	-9.86283659417555	9.47343428283529	0.601582386498976	13.8062639873343	-0.0385529813136367	-4.67203158054385	4.48124963788384	0.474680549456283	0.625938902270692	0.848669921476717	0.652022465706011	0.861655478067739
693	0.499997015427317	0.452154130734538	0.526777284159715	0.0372816053117608	2.43479547496286	-6.21004641624717	6.49886742745881	0.332272811593044	7.86453752191273	0.0134738454013574	-5.01103839893825	4.61575296109191	0.489583333528026	0.795377968638618	0.934729453692259	0.920906118828528	0.970359501721118
740	-1.87456009504234	-1.87876858656375	-1.87258331730702	0.154902719434007	2.9988814768005	-6.33193184635122	7.34553252509842	0.495152076515628	9.12607598426763	0.0466586995818626	-3.94501264431516	4.05943972639721	0.477993374760809	0.83842451270288	0.946871637733909	0.855044340217247	0.946765060486178
810	-4.31767881525131	-4.59618453405639	-4.23489821921965	0.244446925261697	3.73358383698909	-8.02716564527277	7.31004517301919	0.644203111628787	10.9129505795671	0.0590374233713075	-3.78074616975697	4.35597324569111	0.46900142036311	0.735728397052856	0.905862538739788	0.685975682288663	0.87411330568253
853	-0.973207542398889	-1.17909508407384	-0.757677895963171	0.378755935080101	3.024776515603	-7.34558592016855	6.08108057315596	0.460672040842566	8.59631595436911	0.101159510855458	-4.59306228367546	4.26498928462747	0.443918600208206	0.787820386453675	0.932346643506442	0.370101591456172	0.718606253297543
858	-1.8709135977954	-1.99687320638992	-1.80192631955254	0.159246396769599	2.08267979743984	-4.13032122544359	4.79797134799323	0.297391410079641	6.42311500093292	0.0691169700307839	-3.6572318868138	4.71764234277274	0.466635116574417	0.522335005826847	0.813849250307223	0.551160590301357	0.814876215811652
888	0.19034946576609	0.705288682769716	0.0460686419115746	-0.437375918364268	2.15280211405682	-4.45153345044741	3.7536326594155	0.336035504997454	5.05058014189519	-0.196432534755173	-5.02894132914077	2.96004805582521	0.413629911742104	0.147524502642766	0.510442883161464	0.154318209659878	0.525234742457289
912	-3.56290366059108	-3.63677720257028	-3.51739523318555	0.320854459843758	3.51047333751769	-7.9638017381287	9.84793287775836	0.452529833708387	12.3353772942701	0.0686091316818722	-4.48582601848771	6.74642639812404	0.448390152489727	0.372667779123366	0.705619768486011	0.484111295739463	0.77158553535172
936	-0.140643299392124	-0.344819878840227	0.0851080089604004	0.435536640872428	1.91729816008562	-3.06417422538436	5.95122292609654	0.319716651071141	6.15931625748878	0.185873274718907	-2.85540259998309	5.88183725685249	0.399621214075277	0.0600206285837723	0.375808208318806	0.12382765681749	0.485826480307168
951	-1.86362291012228	-1.74784126219609	-1.90236292900449	-0.216452894627453	3.03459037637065	-7.66482954169312	6.52833744138661	0.462935716066824	10.065513970364	-0.0661793918861369	-4.93935490471752	3.6658509962523	0.464268812785809	0.511467007425269	0.802681750610591	0.600859555669596	0.844399123652875
976	-5.32740432214845	-5.19796810879066	-5.39979718075318	-0.124286670061226	4.41000092954341	-9.34734207534155	9.83193144309729	0.645807854846493	13.5133897760334	-0.0229558046654221	-4.94206723809522	4.82161558797826	0.485092286127998	0.67927932925174	0.873993689063799	0.688829040302705	0.873525623771849
982	1.34094662000726	1.50374067217111	1.17985327755137	-0.370333940157288	1.99565930344902	-3.84290091230496	3.50510020997456	0.316307843446265	4.59295042739721	-0.174469756935352	-3.6711633991385	3.34246413103444	0.426609849886137	0.254605108160918	0.631451310487387	0.229544171769353	0.614937258315045
983	3.04767721430095	3.28242951865858	3.00954313591199	-0.30162972713754	1.7312817913587	-3.32461795081928	2.62457290996222	0.258109982520842	3.80356871262221	-0.169464689408462	-4.58290554398208	2.79253110984154	0.424041648398696	0.135544562336283	0.500329349731573	0.247561106486003	0.636455544414283
984	2.87188198837189	3.00075449596042	2.84482836907751	-0.0625027790410613	1.41308422025114	-2.36644842928703	3.04962596029649	0.229141563399994	3.56953444057738	-0.0397486524027452	-3.46196688261727	4.28482264105321	0.477993374760809	0.83418200351336	0.95206305726448	0.738308075546788	0.906212464484722
1038	-0.298375918011856	-0.470261105195788	-0.144236652253399	0.272970842741511	2.37242021718201	-4.6711127071747	5.26580458956346	0.420504438315275	6.43081045802375	0.102555062683583	-3.43407197093275	4.07878402098983	0.451490772329061	0.521192083794925	0.813561966374381	0.461290178720126	0.775982631380346
1042	1.70601066685077	2.1288450294886	1.4855610059863	-0.494551505623216	1.77053808275884	-3.41368820916336	3.3044153642848	0.288348816088867	4.45408385550217	-0.260873830953631	-4.50704810922024	3.18210878578517	0.397539046009476	0.212904619335204	0.582519085271548	0.114312109930467	0.473960284024998
1077	4.76119505674959	5.05837141616233	4.57253994081433	-0.210302556354703	1.54606470229063	-2.70497487374799	2.6217511666543	0.249815055022565	3.3769944580787	-0.136676178649392	-4.31545037616918	3.35632009024836	0.441552296420737	0.394605717185339	0.753143224660364	0.350903080747876	0.712421697055284
1091	0.300030669401201	0.231740504443785	0.339588880588185	0.187661340887524	2.29918543515658	-4.46925132871349	5.161256353985	0.32326558628175	6.25650406271337	0.0783922670814384	-4.07060530588493	4.65613240431436	0.44933712216844	0.477755649877015	0.795230639672555	0.503991245082424	0.800201737700414
1095	-1.47758939008009	-1.8000125234035	-1.27042244226417	0.584752040645005	2.27341327858905	-3.82766665523116	5.48374871959673	0.374161972490143	6.81335785942052	0.228334167139828	-3.00814005343777	4.78223946426297	0.384287744828086	0.0717247277148379	0.393040282659315	0.0716582399975021	0.396522153258391
1127	3.16071555463846	3.17571262236589	3.14840429617809	-0.0523767020237584	0.679482790496133	-1.17524096632306	1.26957975082391	0.117568101501237	1.62544224461238	-0.0699951548849764	-3.46758554699274	3.78818073167614	0.464742073543524	0.79216479237375	0.929668561136227	0.578408108144328	0.839692752739033
1128	-1.54511638865335	-1.50895263077672	-1.56053272724155	-0.170434854338716	2.96692656783349	-5.53176492489792	5.62545861654913	0.422295140539627	6.65833615844741	-0.0557239399915714	-4.69982586260137	4.04009498082696	0.471590909623376	0.521719419151199	0.815596264427757	0.68856453948396	0.884593887220888
1161	1.54927868828216	1.29775598266543	1.70781399612615	0.364518117425042	2.3517218591959	-5.82783998820263	5.03111926881809	0.325871459249257	6.6351734949442	0.127209418029873	-4.81755684533925	4.80949417202993	0.414576433256157	0.919937079667852	0.978416105807577	0.20687697629029	0.590249565457006
1170	0.89675511669559	0.688599326091211	1.07672611753065	0.331498241949224	1.77410784386919	-3.53030682206621	5.47909115590203	0.255587657896705	5.64485331892522	0.165397188266506	-3.61714084752143	6.82108771749323	0.404637957360576	0.1084977316032	0.467661440141061	0.132308255432977	0.497451825181036
1188	1.801224098249	1.76875116436029	1.83529656006157	0.0765993910292799	0.99517406497788	-1.79612079922928	2.05421447403154	0.185053497832721	2.51703792559849	0.067416868623098	-3.0530017841827	3.79765869681303	0.466382576388479	0.6740356724501	0.886280923032561	0.745964404428905	0.906872631212348
1213	-4.13915123822972	-4.36023029899057	-4.08029781471209	0.336369514770801	3.60047659501687	-8.27880557208569	7.51793397059556	0.52772940545741	11.0637440791071	0.0784763371673089	-4.02326471715601	4.94397719642272	0.45811642293587	0.623643629790849	0.855546120272276	0.522577699435596	0.795649326174245
1243	-2.45108160106568	-2.90571053006951	-2.29247252696604	0.7382727584336	3.40433781511971	-7.53007293481586	8.79796498292984	0.525379330744008	11.9182622860573	0.18098233798608	-3.91599825057187	5.44616486391329	0.397065785252828	0.211926081635606	0.5783731819196	0.138811549402242	0.501812355275859
1253	2.49726620691914	2.49169362768759	2.50049639846821	0.0475569272088441	2.13032802909406	-4.71708385787936	4.43214543199186	0.356788259214704	6.03837661678228	0.0196407083309535	-3.67925479641374	4.01455985216925	0.489583333528026	0.965951752226299	0.987843095397264	0.758614022688253	0.913002096650638
1300	-0.588463214100494	-0.407969299238419	-0.694186446733764	-0.231273369532238	1.2489289385249	-2.44623508276005	2.88454889610057	0.231656905237784	6.26951968982589	-0.158642114377741	-4.11047108448345	3.96486410343965	0.415049694013199	0.651612512248387	0.870262096267775	0.195354876465366	0.566608816441892
1334	1.63065959846532	1.33216499645367	1.80214236115273	0.393890877391774	1.0462934905401	-1.67919860666325	2.87628858009316	0.168314807007294	3.12949820599291	0.332355463718238	-2.70538937391364	5.40425237860527	0.345170457744813	0.0177213193809486	0.222838893210019	0.0196162845281106	0.259786314108603
1359	-2.47046232267553	-2.3500704274598	-2.52821744934048	-0.152690011778396	2.3210568712303	-6.26189462197503	4.16615168660601	0.394661064977085	7.24404962827431	-0.0560691751362712	-4.59283819216072	3.09496759916098	0.463795552028098	0.461035022266724	0.775649334369917	0.63174634046637	0.853876698793067
1367	3.01979223334667	3.41139896700657	2.77370341822016	-0.586437006448515	1.44143607433006	-2.85032183122307	2.40812893386381	0.232304758942826	3.3401115093028	-0.371345447612766	-5.1169959913671	2.94103812856435	0.33459536551107	0.0300241576023125	0.278735620759102	0.0121440900712721	0.225413498759008
1370	1.48644886020321	1.57346060705621	1.44236366308239	-0.0950448736916449	1.03296832547684	-2.05374902052284	1.85961225406245	0.179111682470905	2.50732854691406	-0.0860700083091174	-3.53015090343673	3.43529974338012	0.461647727993477	0.486569269889274	0.797305958887845	0.519160388404046	0.805411708460747
1431	-1.49984850475724	-1.62869356579427	-1.39633276488713	0.0944028415537472	2.01278301982431	-5.15581476862694	4.05216170894656	0.347084862375163	6.85882158602002	0.0404755127079773	-4.32373072551952	3.72224864431416	0.480113636735749	0.796373650641628	0.931402047308684	0.725412210908103	0.897699688326211
1477	-5.27364693789093	-5.423264147717	-5.15549858818606	0.545097550551775	4.62265967382562	-9.33789067758053	11.1562582107776	0.714096957460968	14.1289655251775	0.110711926320479	-3.43413084653396	4.79276104202558	0.442498817935707	0.393856025476341	0.70420593664473	0.38166851672745	0.699843769738487
1493	-2.80328943426634	-2.56917898059283	-2.91554648921544	-0.0718272676821989	3.43902383589531	-6.7195860825781	6.91197304295804	0.526750483431765	9.53975980841981	-0.0180894384772192	-3.53506100205092	3.95584674696604	0.488878372190647	0.792750935876282	0.929063781276717	0.804829392767986	0.926453190763228
1494	0.0411831863170775	-0.118399077483856	0.128007394170179	0.123653252691004	2.35272107384258	-4.16449801322527	5.20762285801071	0.330454754933475	5.8043069820897	0.0471581009288732	-3.71496447004794	4.38990607188823	0.47206439446293	0.670481252723007	0.882145744598331	0.541295169242509	0.820055805974458
1514	0.652657772213026	0.78570118321337	0.604355006726798	-0.200425009637061	1.3687923370187	-3.6600406479884	2.58019846009282	0.224869591845959	4.30259695589425	-0.131167729051004	-4.79459056982629	3.15717897457418	0.439185992633422	0.279041398608615	0.655474314629975	0.352869279644351	0.707279730901204
1558	3.46231598965201	3.89173722746073	3.334047790603	-0.262273629350044	1.46564265085286	-2.60175642860449	2.47736220931237	0.239744977810989	3.36591904817201	-0.185844279516006	-3.81338967276008	2.97971480244034	0.425189395369035	0.240898870782462	0.614530889190474	0.204482583870268	0.590119533615154
1604	0.808948002297919	0.104795262023377	1.06434114985112	0.502823830064697	3.15365427341589	-6.24614163298351	6.77884539614733	0.4449041282786	7.62329340635867	0.144339365736044	-3.69888728140592	4.53089595439561	0.437026516346969	0.370112717938423	0.736512586569153	0.293148706636412	0.670273718838122
1629	-2.29078180388229	-2.73477567257714	-2.0865891353217	0.251431465563497	3.83386741938348	-8.51736896161002	8.24554763643881	0.639641210538728	11.8664123401017	0.0589388530696752	-3.83988336521377	4.27169156510644	0.467803030907049	0.653353548168415	0.868318083270795	0.554923660227726	0.823165952259451
1786	3.58867266965221	3.48934517007082	3.6282635379496	0.111824071540841	0.797788860969517	-1.55090593721327	1.44912808809866	0.140223825781868	1.93657704462375	0.131317040670048	-3.60567925753008	3.59494752405761	0.441761364739361	0.536155841763152	0.824175517845222	0.335156248987736	0.697704668254993
1787	3.05789083993692	3.07478570776577	3.04795535333413	-0.0658112790206746	0.802380363415543	-1.49813480994694	1.41794611677495	0.140808364500168	1.82518858443	-0.0737464236533402	-3.60344078039439	3.30924815727551	0.463068182511939	0.669455895082473	0.876990916484825	0.623509420370827	0.856833958004258
1802	2.97784301711295	3.33232891094169	2.93879857671631	-0.0550972791902731	1.87085566040994	-3.21684172194677	3.51780845322858	0.320435382513494	4.59085520940601	-0.0231907794629401	-3.19316902931552	3.40758637402101	0.491003788046912	0.929577104647875	0.980985366826896	0.870863510990362	0.953648233361159
1854	2.38713466090889	2.40015104507474	2.37662883871758	-0.0695355806626758	1.04441481627321	-2.07566265843911	1.76061063334622	0.165055872610186	2.51614334517247	-0.0676470588818072	-3.88789432906142	3.22681826788975	0.474905303500314	0.548505646221784	0.826807592980531	0.713168895535286	0.895957331507657
