rab.all	rab.win.0	rab.win.1	diff.btw	diff.win	diff.btw.025	diff.btw.975	diff.win.025	diff.win.975	effect	effect.025	effect.975	overlap	we.ep	we.eBH	wi.ep	wi.eBH
8	4.32347254365413	5.48144959593524	3.83315309427433	-1.85637304461206	1.52091535882983	-4.50422589072528	0.992639776435618	0.099154039753302	3.60345446978548	-1.25631888035898	-21.0788376228725	0.756414104440594	0.0742192424605441	0.0026825963556452	0.37764551484766	0.00196678321678322	0.333637947700448
61	1.68694973298307	3.02720970814703	0.615077109152889	-1.94397883184464	1.44955362441725	-4.08274835566748	1.09803473621826	0.180356472654696	3.74581017421299	-1.19977303268245	-9.98411507701163	0.950832415813872	0.115010046018876	0.00539154589630181	0.390468550012003	0.0111645299145299	0.482717871873066
17	3.75974986022546	4.73501991259417	2.84831917716685	-1.70668489545028	1.47744876820275	-3.64331147930915	0.892821941680414	0.14368825765369	2.73192989377595	-1.14447216443515	-13.5062212411196	0.748602876058252	0.0859379189065891	0.00434185241086771	0.379894551719803	0.00366647241647242	0.349987439258273
68	1.04884889211029	0.48772355644094	2.57131263309132	2.11957618254295	1.93265674036373	-1.25713509055245	4.99121688582172	0.134983153364973	5.19788254780464	1.11328848506888	-1.19839768828115	18.3489270299974	0.130859632935921	0.0131566078922006	0.592976617397203	0.013013548951049	0.531315002759618
39	0.604750288842885	-0.21864339504469	2.35830139834678	1.86854984735905	3.08562810910144	-2.86190215303362	5.87273059625529	0.242913066125078	4.67172248436788	0.864988711298177	-1.23492900359269	13.6785757493136	0.128655232989306	0.0212072449073573	0.671456477730741	0.0119075369075369	0.497471216339843
1854	2.38629943538672	2.59111398216328	1.56906958452266	-0.862034809474204	0.977790367209302	-2.35697227611901	1.00348388245586	0.119608034756801	2.07394212248612	-0.857035655650175	-8.71940309214497	1.00994716878727	0.18750016302049	0.0266777602720529	0.687443681925601	0.0449579933954934	0.752847788885393
1477	-5.25758737026365	-6.72484167058521	-3.99555600002951	3.25219305099354	3.67929591108775	-2.32895169139003	12.5864744708032	0.584602777742522	12.3794291531435	0.81945247597101	-0.88302064842081	8.61330150898107	0.148148368857356	0.0233774905067095	0.578219512841253	0.0299388111888112	0.577196729409547
11	2.59237472326795	5.46923769766332	1.98064385516195	-2.97951033346713	3.48934738049154	-8.23109062528638	3.77505677772902	0.494908101494594	8.83757676268788	-0.754565558809265	-7.76801211352105	2.11573289780569	0.216374401425912	0.0465665695867259	0.74233909429066	0.0773127913752914	0.796146611790116
31	3.40374760550247	3.87722330325058	3.24941307672755	-0.587869816796316	0.745317057843775	-2.20518343366278	0.823507836728116	0.0779379171178929	1.99257679481416	-0.73611580021192	-7.94833618379084	1.39328178637276	0.197265776934169	0.0549631081690902	0.742333167692427	0.0451473873348873	0.734371749405136
24	4.382571483093	4.68700928844903	3.43802049075166	-1.14357952256998	1.46133403382097	-3.35672260974445	1.84713505072789	0.107632985149942	3.6057129636281	-0.734685561458497	-12.4174280306737	2.79341859541135	0.23976619489039	0.0934557856415985	0.773337357387782	0.0857784576534576	0.807095697742113
131	-3.07766370241692	-1.93820266897011	-6.08205231268489	-3.7283205947595	4.31551352273019	-11.9167678605433	5.25940721165296	0.421124514904371	11.5997890192924	-0.731706198973691	-8.0023688731791	2.50429065925119	0.22265637734671	0.0666537893069251	0.722274127518877	0.0738854895104895	0.77713602593048
740	-1.87971816307331	-0.776911035326856	-1.8500222398316	-1.56711087807618	2.07227862564508	-6.35043299653072	1.25568325577891	0.239604953431783	5.3771664982217	-0.723204976864976	-9.54167151292626	1.10281062509222	0.19335953124326	0.0382662367893486	0.710100359238998	0.0571872571872572	0.741343296643069
982	1.34486926863695	2.20879118788292	1.42011532874038	-0.843991944157681	1.42834867203895	-3.25709303551542	0.904120060517424	0.112866551804889	2.52382631998566	-0.714189236456521	-9.67351737365679	1.21537987976681	0.23976619489039	0.0423571461779425	0.726798390365331	0.0907828282828283	0.810344488885878
168	-2.95132779731498	-4.49727410984037	-2.11559918095964	2.38039061695803	2.90411908655806	-2.92241861659473	9.47298437275801	0.41108344806749	9.08828725160333	0.707596289067911	-1.49136627671259	7.47540371972307	0.212475769554896	0.0604567834239369	0.724876674215499	0.0685436091686092	0.769319143916256
1077	4.75692325896148	5.43257946254509	4.51016758005842	-0.834007074410921	1.19672090974238	-2.87560038147233	1.61777748537624	0.137478663785491	2.97512550329835	-0.689193968438529	-8.01125770954396	1.95879077822832	0.224609500666088	0.0814518412097043	0.760146596140711	0.0894643550893551	0.807324515114285
99	-0.965642867540648	0.402637119066418	-2.08559968792003	-1.72585643196007	2.69816126048472	-6.11316875812324	3.24432204601668	0.223399561642904	5.25384472146693	-0.665512491232592	-9.75866536897705	2.06759043360865	0.238281364595571	0.0963803047856266	0.774788727524626	0.107604895104895	0.828898505300665
1370	1.4812693775984	1.76073533289759	0.992817870355283	-0.639301881761594	0.994684656346774	-2.37506978671022	1.00935472894517	0.154077087101456	2.01314486072481	-0.665110720030432	-6.80541185451364	1.32202374043151	0.230468870778116	0.0687010405651647	0.75152590888287	0.0863891317016317	0.801458199480716
1558	3.45914418518679	4.21069191996686	3.21694163788177	-0.88073963145901	1.23163653870011	-2.74387533052829	1.5034951958869	0.097118480317454	2.51586251032957	-0.657046938045642	-10.98015404315	1.99610674273737	0.272904574031049	0.0737413486741983	0.755183948437127	0.103269473581974	0.825048041020104
150	-0.967204997187148	0.066147631188529	-1.27116384081835	-1.23464493167488	1.93254932885858	-4.43282470040894	1.867278352727	0.224849429996619	4.22484357817498	-0.652438676788912	-8.86857412278881	1.92223363353326	0.285156333761906	0.0851439280173841	0.76413430653817	0.187548562548563	0.887146854105426
226	-4.75776158786705	-5.96040973177226	-3.73228768365377	2.08016426894627	2.89457777121043	-2.7438828228864	9.59526859407313	0.472067829597489	9.91527161796212	0.651500876494628	-1.40080218860695	7.41671103512166	0.216374401425912	0.0679262387148707	0.720367162573994	0.0804414335664336	0.740624895850872
30	2.66173552854894	2.88276693006873	1.91938007362688	-1.20997802731556	1.90338318903558	-4.59662492358343	1.75803794540005	0.14774745316976	3.79278926869695	-0.642152218958926	-8.40877032735952	1.57904147788781	0.261208674954343	0.0647107244242189	0.751217327101293	0.108171862859363	0.832468880347852
210	-4.55954681133169	-6.42046199686635	-3.47966074420061	2.86058751953732	4.0626440755886	-5.68111653473879	11.6574353319468	0.578561800234297	12.8706249734492	0.638741837463102	-1.76916819047246	9.27798587695008	0.228070297712318	0.116833609003213	0.751800702902612	0.0784370143745144	0.761979477644247
23	4.03003804519935	4.60186359537261	3.50630352193491	-1.02686135640751	1.2508505509167	-2.7267895087646	2.11077608490284	0.128625448473654	3.67802643737226	-0.627538303560036	-8.75837452116595	3.93026933163055	0.246093858760963	0.17791188186002	0.823305684967805	0.112372523310023	0.840102881504747
139	-2.80994868081993	-3.41953195687442	-2.06461006937641	1.38637134305469	2.03335301868996	-1.47681099741494	7.93456660839253	0.377945412661297	7.09578043744066	0.591976091980924	-1.01453606328183	8.3445484608342	0.206627821981249	0.0661565680319162	0.743625954324983	0.0555749805749806	0.715638125194055
1604	0.800330908775931	0.667446791352574	1.68812776730041	1.82204056555641	3.16969722822483	-2.64151251117039	7.66457617567641	0.258044154621225	6.69839602223467	0.566334476956066	-1.49491148661854	8.57154910760467	0.285156333761906	0.0973297808908802	0.775687991549657	0.216217463092463	0.931353521654023
88	1.73508151132629	2.6235473923926	1.78312813137538	-0.778551055898693	1.32166468913074	-2.59013293996127	1.96297353180576	0.15458971432754	2.62334807037909	-0.550836811202064	-7.75909486500952	1.85202105729072	0.296875077334827	0.147792118743991	0.818275784005967	0.182360868298368	0.911054179934158
89	0.0173821420279223	-0.644469158242455	0.546249888593665	1.22736725023438	2.08612024089686	-1.84681736112398	6.49316742871128	0.142794811917102	6.29860050590869	0.538826859164685	-1.99942660687433	12.865077744494	0.220703254054153	0.0861802522151471	0.770869822765576	0.0727624805749806	0.790698410288615
141	-2.21120034171634	-2.88222346026843	-1.89714219041537	1.71653813742074	4.0730059407127	-1.44095573485528	11.3329139291628	0.262946583414028	9.88651876703065	0.535504899833161	-0.834955439447885	16.7411916701165	0.197265776934169	0.0469776287676945	0.725405114404671	0.0798416860916861	0.729513897703433
142	-2.62850088548206	-3.2434881104118	-2.09205182987765	1.22028108739969	2.44593734761334	-3.42047866481916	5.98363440368214	0.352607030502446	6.51898155783387	0.533997662917306	-2.22203472065579	6.49518465089188	0.261718848005601	0.169641791254806	0.811047252995729	0.144183420745921	0.853197264448672
1243	-2.4612286391455	-3.03767760323105	-1.60374670542944	1.33463454814625	2.29068584882313	-2.79053911381439	5.91082927381623	0.343394782901948	5.40898585158934	0.521524288026458	-1.89245053955818	6.03945571139767	0.272904574031049	0.121876348590677	0.788170606211457	0.137937062937063	0.853003700319902
215	-2.61439460071	-3.50614101060566	-2.1837511824967	1.48903515574472	2.29481212370713	-2.5133787655657	9.21477915331772	0.333339112124378	8.54610373840866	0.506928667880272	-1.37442552007206	8.01143264209169	0.247563460106543	0.115504907148224	0.789895251477021	0.112245046620047	0.822489670554716
129	-4.97207340874369	-3.87704585444892	-7.34872856690373	-2.72729529974882	4.88815359940626	-12.6817433622094	7.5727854906259	0.798831412561855	14.5164585344264	-0.499439352922249	-5.12453069659115	2.41408760998858	0.280701840367273	0.213537746012252	0.805349884282488	0.176078088578089	0.866145468017353
47	3.02991410582647	2.95110907509741	3.17069084199358	0.357009613399774	0.766321003347788	-1.11558331190716	1.65724603441925	0.0787838787047467	1.76385731879272	0.489382359779487	-2.52290463019651	9.06380785550149	0.250000105963513	0.16023181362496	0.818777411952857	0.141241744366744	0.862050070108578
14	3.18152457129576	4.34260405555984	2.16589651324262	-1.21748429618469	2.89539655974059	-5.76433721703616	5.4044857335735	0.168770678892684	6.43346907255356	-0.489016092917009	-10.9526957040139	3.21719209400585	0.270955257481251	0.187845441823093	0.824370541463421	0.144004953379953	0.880348802479851
4	5.8559887561106	6.00196461780129	5.6109180844706	-0.468344678739511	0.87257565564022	-2.03051298291354	1.16688460966718	0.0846109725580821	2.02202992233612	-0.47361985962354	-7.32328707448031	2.1003255353619	0.308593821294109	0.167262080812507	0.822127825520595	0.214157196969697	0.933109279499328
97	0.253189155452269	-0.205119676510756	-0.888054904598539	-0.880277598394279	2.26229436844818	-5.30004353435491	1.84297473064524	0.154300233101089	5.24361689974595	-0.46794721707913	-12.7334111074194	2.14139460275014	0.212475769554896	0.0839699814436457	0.764586785656764	0.0703428515928516	0.78406314591054
22	3.62143264089867	3.85613562188421	3.16892321499317	-0.864340890892775	1.53232402217572	-3.80469585075817	1.94094959734847	0.125527075871071	3.95241878689555	-0.459530404275234	-7.98151752716343	3.62594316371399	0.324218813759705	0.189898138793889	0.824814712419722	0.277749854312354	0.944214536673222
1127	3.15951399601229	3.14349729340611	2.78735851856303	-0.232058611985174	0.551783258247147	-1.12845603574652	0.673876796830558	0.0658190708850162	1.02203868166317	-0.452508919670789	-7.24921380580136	2.18689633373821	0.292968829431705	0.230505999862186	0.845843985859435	0.192334401709402	0.901749630466388
1	6.85707116367902	7.0281101532065	6.68273322249359	-0.469633868153481	1.15005533230719	-2.74313727059356	1.26511690903876	0.105757231775545	2.43091538376532	-0.436879358344234	-7.96621115317393	1.77323118166408	0.298828201302579	0.174879485606123	0.822909793065688	0.23196993978244	0.938779004522991
1042	1.70787058651453	2.44309803676873	1.59216559558667	-0.60842522313538	1.28423729399834	-2.43293904643382	2.5253541921576	0.116826330886246	2.99284935580372	-0.435328640672172	-6.11256291746802	3.48358025452427	0.328125061958791	0.326017167775593	0.887419900257367	0.2683614996115	0.932752194271308
984	2.87078766222321	2.44174297145727	3.04610688581535	0.666530302502301	1.50803432876409	-1.83389501055271	3.64558517689156	0.207765452313044	3.71193469353034	0.428475873483641	-2.18128993008056	6.62347768214062	0.291015705496819	0.141439761951865	0.81143407736279	0.186234945609946	0.914678471709617
149	-0.950181896180248	-0.815327041617435	-1.60796258463714	-0.776520413941762	1.9186488461808	-4.62541431512586	2.25443729902135	0.31369810647045	4.09655137165959	-0.428020708605479	-5.36668998347021	1.92974682466031	0.318359441520862	0.186205256475936	0.824103545348008	0.263771124708625	0.920285741647316
50	1.09337624192791	1.44860200301267	0.404965973293634	-1.01230208222862	2.32495538195053	-5.7435647671665	2.49957018511894	0.214047467688081	5.51960970589277	-0.427926529115261	-6.7974927282446	3.16522490268524	0.296296373636616	0.204887307565162	0.832990411651395	0.193578817016317	0.911605866068259
1170	0.907883169097058	0.566489112087807	1.18954107212606	0.825955031800273	1.78805659068057	-1.2984390709272	6.12888967740501	0.219568457778896	6.32439425185139	0.424453482777398	-1.41247819336395	10.3002279203202	0.315789541175888	0.107052357423783	0.78772256886807	0.213612082362082	0.914739320160192
161	-1.55367085546186	-1.31988849913114	-2.23732040029183	-0.957365111229111	2.07301715999325	-4.98987287929617	4.34162252364503	0.228002201597916	7.37973289556224	-0.421466102007314	-7.72558407196939	3.81025311753672	0.269531343029146	0.348184486360583	0.889398555641639	0.152440268065268	0.855131378345281
501	-0.675233148581722	-1.2231190690118	-0.557624140418003	0.721524408167731	1.75126111821591	-1.46625699011164	6.3914554340361	0.210214587221335	6.45845691723096	0.419775790519279	-2.17245817458795	11.4873663878489	0.298828201302579	0.0927534982929873	0.774830650886749	0.255713383838384	0.913480235194972
2	6.34057745049449	6.65767073850815	6.38155041019061	-0.49977647370527	1.17132610480343	-2.69991849936362	1.12605595781841	0.151674485149764	2.79589228360082	-0.409791041812116	-7.04203646278154	1.85727555179836	0.365234421196834	0.167262916617175	0.822909793065688	0.454448329448329	0.955142957265903
154	-2.4821993335505	-3.09947359946092	-1.61858532320516	1.14435738319183	2.53510913382645	-3.77525873575784	5.73493486298885	0.490762253013233	5.7360101469096	0.406262147759592	-2.47758402114739	4.76170134325659	0.282651156984055	0.230979441104545	0.845157224906304	0.241925262237762	0.910176058793787
1786	3.5912090257563	3.46559328510907	3.41465677729279	-0.27979308655429	0.711268899534978	-1.67076235628511	0.792374458298428	0.0778013160739717	1.33137433217828	-0.395512742747821	-6.40999835918938	3.31183651864116	0.351562551747701	0.259193700083928	0.85707772579118	0.396831293706294	0.951425929633163
15	5.38705432991318	5.15119422573996	5.45456363191543	0.356841430641204	0.864415814254026	-0.961510875498106	1.85763379148488	0.107745430536518	1.70104944828437	0.392409059947569	-3.14256076015459	6.75402741222079	0.373046918138304	0.348784035012458	0.895561586483944	0.437617764180264	0.954547261511455
1787	3.05323340272235	3.0667110439977	2.86142678867462	-0.326493381624521	0.865795187611029	-1.78556870307925	1.12276385643691	0.127410361784491	1.58090663529144	-0.389277196244873	-5.25826490107844	2.25477660298802	0.322265689671948	0.251825464114463	0.854835837990913	0.248929195804196	0.938481727959282
102	-0.783597131531564	-1.34021727533369	-0.709685798318269	0.424089152065826	1.0150841132574	-1.68088674708367	2.00563659386991	0.192812605082954	2.04411548830413	0.388638656114358	-2.8500306106267	4.03693448628641	0.337890682586451	0.322114068254507	0.874057162864733	0.377168317793318	0.939437645598363
122	0.550033623994059	0.33249056078012	0.907814264468139	0.73212523492831	1.714216049552	-1.87559659614347	4.0884567275682	0.180715051191624	3.85828073708941	0.388468587178334	-2.00805808145478	7.85334096035365	0.335282709580022	0.18546747060557	0.827262139598496	0.310752962315462	0.940873508502313
178	-4.62794290472933	-4.99087414174704	-4.19427560100551	1.09886236920761	2.48688100730541	-2.89184590838283	8.08909530496555	0.33166481294702	8.4929121266243	0.385828084244963	-2.48508028432166	7.31968419233466	0.324218813759705	0.215163459170939	0.816652369994373	0.320522533022533	0.901991949572804
140	-1.05386318045055	-1.05295021260706	-2.65295828965089	-1.00580446636326	2.68359351510263	-4.81755249575943	3.70578510097253	0.22480356463371	5.37108326659412	-0.378587555454644	-6.07270968378815	2.62372849313505	0.365234421196834	0.334306084866924	0.883790325849838	0.416190753690754	0.954367650838653
12	4.47203531230358	4.93080335526499	4.49972274136434	-0.495695039226903	1.16888399316656	-3.33302863999035	1.2932315451877	0.118605767872281	3.67992717017113	-0.37720003981775	-8.3017418932058	2.2454200324714	0.333984434313895	0.193187505298079	0.8262629996359	0.311869900932401	0.945713474672386
84	0.21339688055862	0.905303635126747	-0.0496513693793892	-0.771953344943117	1.60757567432291	-3.10600914049093	2.93612216273074	0.217736171966472	3.86711225293186	-0.376584469620164	-5.98179436807302	3.89497290605691	0.343079977145353	0.511219269569128	0.916261399853841	0.335312257187257	0.94999481672223
3	5.92652749283254	6.17927318217398	5.82900077913246	-0.738719453854541	1.5468918896831	-2.97380936070072	2.54164931070995	0.116383624189696	3.81481858479371	-0.375036172885482	-7.52189240870137	3.21553165314732	0.317738857980427	0.363341280197045	0.900492458481256	0.256993006993007	0.938429243157304
208	-5.6552860952949	-7.0536769747197	-5.67601922618345	1.98881284569146	4.58154420865937	-6.73425071552732	11.4054061398428	0.780613307715952	12.5837322522135	0.372716438590552	-2.3580200338987	5.13855132805264	0.34375005504604	0.294254807711403	0.846974816924587	0.374089452214452	0.91816656106592
44	2.41511603435174	3.00708343329474	2.57544166251502	-0.70404843453887	1.87421507573394	-3.45617513690379	3.04816368849684	0.131334274193312	4.06351039687645	-0.372216682668372	-6.19828420047427	4.76851931420692	0.380116999341048	0.3973425491889	0.906453884222134	0.43426452020202	0.954480014673302
46	1.46980767803387	2.13730980624795	1.03460859740034	-0.890108748194282	2.29684132667326	-3.94380703409576	4.3300303911136	0.161421942958695	5.01162114067512	-0.371712624279248	-7.1937397787109	5.03135953574802	0.362573146487904	0.541409290852778	0.920619372215864	0.411083187645688	0.951816866279492
85	1.45891663752066	1.7327629056205	1.27338263113881	-0.592071772892372	1.3536833600071	-3.4888160080799	1.46066349093116	0.187439094830946	3.66571069693059	-0.367174027692373	-6.34053150676552	2.37141437804291	0.335937558446692	0.208461912717824	0.832959869503415	0.298448426573427	0.944053029977658
983	3.04643451825252	3.9329649417202	3.04911922252069	-0.636435733165206	1.61957750541053	-3.10699324988269	2.49809496692493	0.202319748030077	3.4424920464744	-0.366445310235518	-5.85935554467331	2.80967557406686	0.376953166637119	0.353900161036826	0.897570068327649	0.466213820901321	0.957417337712909
585	-2.59157103950062	-2.1815116383547	-3.13375397323501	-1.09309856631558	2.36071793017752	-7.47055521699692	2.71051777655518	0.326566344959027	7.62913380939935	-0.36219383573953	-9.30503438690784	1.99481130748975	0.317738857980427	0.170344932652987	0.817532054279516	0.262269327894328	0.910652379052824
457	-1.81470167514528	-1.49471995439526	-5.37782316562655	-2.29566619278109	5.4947516757786	-11.3652344691922	10.441303597066	0.279013577109632	14.126807177849	-0.358080872121067	-15.7902975921748	5.13249322684704	0.349609427563166	0.361335272500448	0.873266948140364	0.393440413752914	0.943516759818976
197	-5.68460816705598	-3.74764772209812	-6.06335092052088	-1.85502313398011	4.35687772809579	-9.44287131971887	7.48114690372974	0.691986255866129	13.4225345525831	-0.350763666102242	-5.99670734050499	3.1847678710318	0.343079977145353	0.365032233895516	0.870568436149139	0.355925844988345	0.926978134227123
25	3.9518667705518	4.36572632748017	3.71427750866267	-0.520258744735937	1.43149604952707	-2.76283457975669	2.13225594468484	0.124434180229505	3.00443535128599	-0.3503803138787	-6.75749195031116	4.46728627802835	0.396484409380287	0.4271062975056	0.910042777814136	0.533710907148407	0.960472140012087
936	-0.147919186519954	-0.488363296686501	0.255242581092092	0.916509646972733	1.93969625995187	-2.83564049639891	6.73866793826894	0.25889844578323	6.45102169501309	0.346076993819426	-2.90711519033383	7.10459247191008	0.315789541175888	0.198381148065116	0.835163389214086	0.255146416083916	0.929074430010587
319	1.37650869178783	1.33295705294991	1.03125081785594	-0.557846849332131	1.61651636895578	-3.00625553800281	1.80508297558103	0.203509696874418	3.07816185589918	-0.336085135654445	-5.99885370511241	2.49117810626299	0.346978610966909	0.350021607400716	0.895945147311683	0.386970668220668	0.951219883823051
42	2.28635823288043	2.8081000687382	1.99602669856873	-0.453218698163194	1.62260632802798	-3.15866649433425	3.00339403695147	0.166244832053297	3.48723748044481	-0.33549222308175	-4.41538798347539	3.16308613597324	0.365234421196834	0.449493224316532	0.913296021135339	0.439739947552447	0.955697032026765
28	1.69571431082076	1.38859137400757	1.99702199746498	0.3759195008125	1.1965359317149	-1.61564231764166	2.96045985197982	0.132603886238862	3.47723956893525	0.330308912572026	-2.10722315381541	5.84406677347109	0.333333392705719	0.274659712373385	0.867093246312691	0.297838966588967	0.938073944612202
108	-0.701605010344057	-0.469049711842032	-1.19019148781461	-0.695167009967008	2.02535400817913	-3.98043290253841	3.80273222069648	0.255752672036554	5.88650940174006	-0.328100915159629	-6.14613324029494	3.75197155777342	0.371093793895759	0.564262548152891	0.923308618662856	0.41909965034965	0.951841178792119
289	1.16794198378502	1.39757179347788	0.85856089900946	-0.557752271643458	1.74535723438155	-3.49772307297527	2.43995382291989	0.203135402309611	3.86200093773823	-0.327583174375772	-5.45734203395411	2.40527381041954	0.355468800134243	0.34492437533113	0.89357435782773	0.335303758741259	0.947027694054857
1494	0.0437999647995415	0.767025463425758	0.21259091241975	-0.853112046598692	2.01267453012769	-4.26106337568384	2.40224889351937	0.232150542084124	4.60373706500901	-0.324058796539056	-7.27617964751195	3.09319798044262	0.421052657217034	0.285112216810766	0.87207766927435	0.620613587801088	0.969815439331848
77	1.01992241372833	0.551873425116711	1.42886070698124	0.742030370630281	2.77618357843744	-4.45231793386889	4.81515923958064	0.172487849405516	5.42530855109088	0.317648029027202	-3.58195211472059	8.39741586221496	0.313840224379962	0.44068684698519	0.911962327542371	0.259578962703963	0.937342472485234
78	-3.78849607938319	-3.82937684986323	-7.12235999050632	-2.07675807565732	5.59347764542058	-11.5684928307473	10.6194956879726	0.790717377779559	15.2580264775481	-0.316868587556366	-5.40816995796418	3.83550469702914	0.353515675938102	0.442108104267083	0.892258764927172	0.443448912198912	0.947264298232924
72	2.17771199949852	1.90511567652626	3.06551083073177	0.748537144845788	2.59153726555669	-3.21896613056155	4.7957131414604	0.339206408981314	4.85658469263522	0.316349582834091	-2.50952141343524	6.38113009595257	0.352826561744831	0.269306205230006	0.870174421819724	0.31657196969697	0.946073661083992
38	4.53150939000592	4.22504310265015	4.32265328420263	-0.522819241486395	1.8699917724709	-3.54015707948878	2.01799386554205	0.138444020275152	3.21490516141183	-0.315147144825575	-5.52664610282663	4.90063580076955	0.411306071882638	0.497500650557839	0.916837401433912	0.558384324009324	0.965621702132007
912	-3.57284129514273	-3.89800717929115	-2.74251264585674	1.17884445844748	3.26548228832185	-8.19230729760815	8.45886249771739	0.410005684324515	12.382655798211	0.314152268433613	-4.67079010651245	8.72745259307795	0.278752523763283	0.433231624051227	0.889653670392769	0.195386557886558	0.882830598617631
18	2.57164138016131	3.06100361581978	3.43437918939027	1.00077500961214	2.95546116641376	-4.20455931184363	5.93967180869357	0.27166979275525	6.5838048665653	0.313335485886743	-3.15067209945234	6.73929047710682	0.365234421196834	0.339478913558072	0.895264215782532	0.423405934343434	0.953677599613206
48	2.17115882251695	2.5445875540901	2.07994875302495	-0.37674363174866	1.2876352011143	-2.84529788582322	1.87978314492144	0.105936258402047	3.01572916686541	-0.30304015702465	-6.55001950535902	2.96638595842529	0.355468800134243	0.345845178317249	0.891978706244878	0.397903311965812	0.95310608744758
51	0.668430216507327	-0.00865644939132704	0.601076540622016	0.873019899808845	2.852265784169	-3.81253295608064	6.30936921684033	0.254306450357012	5.94718241478388	0.301811193015892	-3.00520626704979	10.168941132285	0.304093640536235	0.192926423549654	0.82959148519915	0.213833041958042	0.925629862743066
60	1.73901273811845	2.20606347172828	1.23059112992799	-0.61679584370225	1.92240391559116	-4.21759750060597	2.63749009134057	0.173997845262841	4.66771056560344	-0.297410826180336	-6.73030384516214	2.41372054091056	0.373046918138304	0.306932925492315	0.885601541666408	0.407802787490287	0.952915923808485
194	-3.82314984351219	-5.21796385811166	-3.45395284494934	1.42513944770533	4.96473509239751	-7.68207401277655	11.4883948353355	0.717348709559895	16.6300722696212	0.284196965760606	-2.83525775833898	6.42936308924812	0.356725195625685	0.392056812310603	0.881541659720655	0.431456390831391	0.953011919366883
93	-0.760290287904309	-1.41618424943	-0.857737231238067	0.614040661365501	1.26810451984115	-1.18982637978582	5.43060131500124	0.152841576448364	5.47407949814538	0.279443041886758	-1.69435225349436	14.1690514346911	0.280701840367273	0.13258496043208	0.799411180354905	0.214629467754468	0.885242406147488
123	-1.56088573194246	-2.37767492768784	-0.825777508355649	1.00758389449116	3.38068828871231	-6.62472752925611	7.44201655984002	0.320092456022523	8.18267167836133	0.277760740800243	-4.44309845954542	5.22406086477805	0.370370414375796	0.515110446001992	0.919062127953679	0.420974164724165	0.953935175712925
49	2.60141911942314	2.78555836206944	2.99573374705637	0.307980764560073	1.12795359510333	-1.6684254953816	2.04295054446521	0.147466419511672	2.44899269263465	0.27251079457388	-3.40465129783492	5.45740625347605	0.353515675938102	0.463678839577304	0.914441184565834	0.397753982128982	0.953391627562694
296	-0.106797296200117	0.522418510051851	-0.0501134027169829	-0.442036580008607	1.70064593743477	-3.80646634115116	2.36867396151493	0.209536870673596	4.33126758839034	-0.27051999768557	-5.82489679402176	3.67064156241169	0.419921901126253	0.421787555847125	0.904573130823542	0.660045163170163	0.973304585710582
6	5.76237918071376	5.95967975119265	5.47307776524907	-0.320388980493802	1.00578319159575	-1.84372728465522	2.27538352086559	0.108113220373002	2.6564552937805	-0.266950665257768	-5.22447197087056	3.79830192911263	0.366471780421991	0.552149092775627	0.920861740838466	0.366324300699301	0.949591525348541
512	-0.67599501326411	-0.448979921827612	0.0492733367153644	0.870306532194978	3.11450532047619	-4.06776781269073	8.87949016192909	0.467215766258539	7.83792220595024	0.264758379469395	-2.89070723873991	6.02996068698986	0.365234421196834	0.284618982664096	0.874212929260453	0.385604846542347	0.952789357738178
74	-0.45565472229642	0.918802831400969	-0.528590034381886	-0.653918121655084	2.42008006785534	-3.91971442788088	3.58439242799423	0.230386891588846	4.32778437657132	-0.258734239972689	-7.21175125089581	3.81752349205437	0.384765663686849	0.312155495521017	0.882593506870676	0.480775301087801	0.958157937999234
179	-1.45455601153531	-1.8634443166312	-1.39884974259621	0.591046356455793	1.61199326529928	-3.65962385850507	6.46286603461338	0.266471868154783	6.13608774191656	0.254895123264671	-3.31666749201518	7.4497251244539	0.345029294053004	0.410595842521938	0.901723509193502	0.345601447163947	0.937841865815519
40	3.11283556344932	3.48444055770775	3.32911241421163	-0.307359004014197	1.05484958079159	-2.08596938023801	2.07336317436763	0.106768872320393	2.63790136800263	-0.254237023274682	-5.42143305733436	4.55585066082727	0.368421097396482	0.544969131591653	0.919227048126295	0.455649038461538	0.955623296930916
13	4.72464766891477	4.13534629658134	4.47007601139765	0.433306939978108	1.6533404741815	-1.9373177142383	3.50608096110094	0.152647812738762	3.42358046144992	0.248845907229269	-2.92067466843792	7.02654382234923	0.376218365341616	0.365618505514492	0.900919688566803	0.457324446386946	0.956605160688896
7	4.75293723234511	4.72227251173446	5.50954363134752	0.448696578402099	1.67828628967811	-2.67597324221881	2.78038675771075	0.203594007420886	3.35896136925282	0.247398932825498	-3.4768887746369	6.65636572137459	0.411306071882638	0.544085101226188	0.921174751806496	0.573062354312354	0.96678447863662
95	-0.892126440168356	-1.50076255007703	-0.727924358372457	0.67370231174622	2.69656103287955	-5.3585096105622	4.73273996125299	0.208447490477062	6.05231853728822	0.245697358030505	-5.9348949027249	8.68050028367458	0.292397740250104	0.464430003092983	0.91411574134997	0.208429244366744	0.893561610477327
20	2.56317279083708	2.25885701223915	2.7730129864636	0.615219617700329	2.40358687159069	-4.62796846063351	4.20311996694786	0.261780975691773	5.5928963481909	0.245484719384961	-3.96300025415486	4.75304241633759	0.392578160800936	0.568985094901331	0.92295884175408	0.517140151515151	0.961359738721102
259	-6.00228334507888	-5.46134750991125	-6.32525120932204	-1.46430571650461	4.81985461665734	-14.298722770749	6.80401380118366	0.740472925890569	15.2430120635576	-0.242414559822517	-6.52129111525328	3.04249845851703	0.36132817275589	0.32301251514662	0.86491126868461	0.425587606837607	0.939973743553283
688	-4.23541181455315	-3.6103972363484	-5.27247914994065	-0.955751179844996	3.39869099641752	-11.0909653354352	6.47978969399139	0.41312323119232	12.889301358337	-0.238928899092982	-8.89055387152982	3.34637828887846	0.376953166637119	0.34983903713526	0.865322061236886	0.451350038850039	0.947756069862014
238	0.850832355425708	2.05155273430756	0.782025586721188	-0.504302363207126	2.23086529071777	-3.78434707744555	4.0919771310902	0.235934921517415	4.27017938077596	-0.238244531527945	-5.65597017251956	3.32668592187437	0.419103340144904	0.514474157185975	0.918325619644135	0.736084401709402	0.979994100746017
82	-0.670954775671069	-0.232986042476206	-0.293096518299146	0.697231324968015	2.62875294516388	-2.03095427601907	7.0852298121922	0.255649564352748	6.75124029718503	0.236860551350353	-2.64789024941653	8.93864497111479	0.411306071882638	0.209638075757086	0.837431941206806	0.591221105283605	0.968017539298731
888	0.199932736415498	0.920411823142707	0.0337756351435967	-0.467206458081908	1.90963918980809	-3.50137299129911	3.41609491303274	0.225576005859623	4.1441852057083	-0.236080683456002	-5.06988510169323	2.84242809885803	0.415204706008374	0.537208030139758	0.919226679340598	0.561247086247086	0.964160758510789
80	-0.134988702752147	1.34492956709304	0.57586442332295	-0.501667157879291	1.9777255966673	-3.5905998786216	3.57045384739114	0.220700651798136	4.88221140198007	-0.235361973678401	-5.23970730854667	2.81815370355887	0.409356754824005	0.634189983550833	0.930841324187615	0.605471785159285	0.968977787533231
228	-3.78104420571241	-3.33870916036888	-4.37420536127764	-0.8322074135399	2.96415406254204	-7.17108140812023	7.81238473157005	0.493280314812229	10.7541828248686	-0.2302856631425	-5.60280139655459	4.96795082166812	0.365234421196834	0.736604445160555	0.950691645435292	0.436817696192696	0.951681088368817
9	4.44219543315275	4.94598005057544	4.46833231533031	-0.403767495886052	1.81452739154004	-3.40784906076612	2.75117393467891	0.144657993346852	3.59643362949208	-0.229153511079195	-6.00074575941438	3.97434825426057	0.398437533675233	0.569573591402749	0.922102112961067	0.537134566822067	0.961949688167984
1188	1.80013313416007	1.75034791385093	1.5538123614413	-0.223752159313649	0.97311006792618	-1.93332489152383	1.84103780529056	0.133807376036283	2.62259892691586	-0.227817548337531	-5.27964011411388	3.58278003298451	0.39961016957629	0.623293801405008	0.928581256983779	0.567040598290598	0.965573924845219
1334	1.63149148943233	1.38302327541848	1.7217392436128	0.239227331867367	1.01395519396812	-1.2327004833941	2.55624770815885	0.129832600706373	2.76307986133684	0.22539435586892	-2.29075572506231	6.9917442922828	0.380859415153563	0.365822326822187	0.894603450207827	0.56113782051282	0.964530008634143
1493	-2.81927892339936	-3.41535384071298	-2.94050888570469	0.835922422879518	3.65589891507695	-4.54913389375825	7.63658912820415	0.523526685580444	7.57879662369595	0.223420772356089	-2.57393453061128	4.00076763750194	0.369140669657929	0.441066795339366	0.901469637056816	0.47930506993007	0.954867497356093
126	-3.31825955317411	-2.95638080423824	-2.36971607873731	1.24065049669536	4.60221912891333	-7.39245887324594	11.5447343050404	0.512228397530996	13.855638840395	0.222640046193265	-2.95439835509637	8.11034165665176	0.369140669657929	0.340325355105437	0.865267832679965	0.414803078865579	0.952938527108156
204	-3.90089126299433	-4.22174931014755	-3.48010325324847	1.65894697435693	6.06054334487711	-9.2728025873383	13.9673369877875	0.757028522591559	16.1131172303441	0.219335238275718	-2.95960036452004	5.82964204001504	0.382066316347134	0.410935260422266	0.888554427759071	0.492658556721057	0.957276116560096
200	-2.55281620771846	-1.63706683037662	-2.45937721721888	-0.647017628321979	2.36854074384202	-5.10473267716363	3.8535057611653	0.344739926923925	5.7927274818867	-0.219001686333465	-4.91010514357276	3.5425416500287	0.388671912236219	0.569112670886451	0.924334240897213	0.491529477466977	0.956767833966628
1629	-2.29432086934292	-1.83388399361145	-2.47668427486822	-0.473658181517212	2.11654309461599	-3.75515620903631	3.20772460278936	0.346703182338243	4.3390485757564	-0.218183673038943	-4.05408212208095	2.49700233995055	0.409356754824005	0.581785987377842	0.923888234018164	0.600333867521367	0.963817846766248
187	-3.72405276526838	-4.45021504280126	-3.26070138242636	0.800972115997991	3.31105082808007	-7.3694002830872	9.03381336509301	0.546820915368161	12.3366288059564	0.216271619893912	-3.9588636403658	6.44707573719054	0.373046918138304	0.482607695188045	0.903670905940408	0.408978001165501	0.951969560245436
64	1.60166865186137	1.55778051717801	1.32849197464909	-0.33997928228762	1.3166388383525	-3.74729888812419	1.70240567621656	0.255093241147188	4.11587689691099	-0.214268348340661	-5.77142706767607	2.24661408395722	0.408203155199316	0.354591393775293	0.896587886870332	0.544295114607614	0.962858192238302
125	-1.90006775392304	-2.14158161417244	-2.54861884015471	-0.441324376396562	1.76753254235069	-5.62014420177707	2.25768691940025	0.259921484090863	5.54421659044897	-0.210256788216662	-6.6884287506396	2.35652518948222	0.372319731359824	0.307037373551972	0.867418801311681	0.481048465423465	0.953349952232904
90	-0.497470090812775	-0.860619423616378	-1.37602290615886	-0.522456598781845	2.13307628349102	-3.95471471193362	3.68913812705143	0.215426703055315	5.83191111812329	-0.209077831019341	-5.52431954074253	7.10363596258668	0.366471780421991	0.882689672950566	0.975759969109854	0.468864121989122	0.95702315057064
245	-3.51852564153522	-3.60042851399382	-3.80574329926535	-0.827579101842917	3.27664476140828	-9.45292818271932	4.8367510595112	0.500096791729754	11.1119897588602	-0.208665504390831	-5.47209878301278	2.66841153828901	0.390625036516705	0.420354004324374	0.89407722849717	0.537104215229215	0.961111511666434
976	-5.357382702657	-5.92520149073404	-4.93634375770095	1.15439433259735	4.85989590878021	-7.8300642789911	12.8259430332899	0.658648368015124	14.3260433624881	0.205658081772309	-2.57851166439545	5.80518424733639	0.376953166637119	0.401372092264736	0.882610427720101	0.509205031080031	0.94899650135488
19	4.11777728950643	4.70950363679707	4.44518819418651	-0.286050446007269	1.3701274277071	-3.01451889830748	2.04100274013159	0.12798679265488	3.3786674642841	-0.204016822771516	-6.68448474767396	3.27434573959664	0.366471780421991	0.454319002772852	0.914103043688842	0.479210372960373	0.956113335448957
693	0.496745225428474	-0.000674467016406055	0.447244859021808	0.55658046705546	1.5538956439922	-6.58263827666055	2.72132426360946	0.246967554265859	7.43671935570602	0.199425032633881	-6.88591654805514	4.04485342063884	0.35477587868245	0.915740298800184	0.981642714301538	0.37374222999223	0.949282978555911
53	2.05644981972093	2.25633148435419	1.83705448913119	-0.384739384204098	1.67711794922187	-2.80280303985072	4.42222603843241	0.15328087787412	5.29293691108578	-0.196976918977537	-5.42235997443286	7.43542845763864	0.423001974291642	0.943913660467265	0.986953942722486	0.641729797979798	0.972855644634205
98	-1.20271166146569	-1.23134520751843	-2.07730843351447	-0.658340304375732	3.90212860718258	-5.88671368898207	5.38617177233339	0.290446392101901	6.19002229260899	-0.194303696492617	-7.40687309412717	4.10490166026988	0.367187545424917	0.533281966101969	0.918166216688444	0.465382187257187	0.95439259804342
196	-1.97329349535162	-2.09538897214656	-1.81736948499961	0.315474937876125	1.53882669296624	-2.66465056052279	2.90149878287363	0.307847891072195	3.35987907887146	0.193382563232745	-2.88789194131382	3.57268184230705	0.42773439846271	0.639288447232516	0.935397924682317	0.674944153069153	0.973591018735557
853	-0.964131988610152	-1.17853453202688	-0.627394747902698	0.574458425645243	2.75276052624407	-4.72728093489789	5.13086918388455	0.248653265405167	7.41793911911474	0.19174028495704	-5.25290546942698	7.35399732267332	0.38791426738973	0.597465500289338	0.928880469892659	0.425010926573426	0.953390692902872
199	-5.07855032218713	-4.30461980484932	-5.43186671826711	-0.84128130859375	4.23363916586067	-10.5004767481947	7.5202632512832	0.568705694224771	12.724524229035	-0.184459971018447	-6.64841465486142	3.11678045992263	0.435546895835284	0.508976630241073	0.909765818823449	0.697205225330225	0.975831037180755
45	0.560652988799278	0.174474271004673	0.454673285152489	0.22405951935905	0.87467222385455	-3.10708693139767	1.36326631536656	0.130650581091432	3.5786595903693	0.1840520496786	-6.27412172235017	4.65903853385021	0.38671878795957	0.830525792767577	0.965222944393095	0.519750388500388	0.961255119834109
105	-2.50216487766073	-2.05691800855154	-1.6568150085945	0.923069056097005	4.38865999791339	-8.09796271419232	8.18707284774683	0.485444880582956	11.63710018224	0.180249419955298	-3.5322347064448	5.31904829443823	0.413255388944119	0.629252327620922	0.931961612400968	0.624621212121212	0.971410962052118
87	1.79682925679738	2.26209641242143	1.59045703396247	-0.261194167790437	1.49779665784771	-2.40071868988228	2.82396804080577	0.152161893290237	2.84680438847302	-0.178015057960851	-6.41311842799016	4.48096244815618	0.428849925529639	0.503460357012566	0.917429488488106	0.705089355089355	0.97699218031521
114	-1.00909823335233	-1.31905322839172	-0.844760235614506	0.385582801535829	2.50035006266694	-4.09788153129313	4.58515828757064	0.276294454592815	5.17876657595522	0.177129981042269	-3.77679639740614	4.74672933160315	0.415204706008374	0.482813388304912	0.915426063128445	0.613025689588189	0.970460322732752
35	0.616271944190793	0.941366071529695	0.604370458410649	0.590296801758787	3.09143191332092	-5.70083045786022	6.50173143988089	0.205819173296934	6.48053154146141	0.177021824593717	-7.05195773345304	6.01168092858112	0.398437533675233	0.654235926096088	0.933819548647882	0.543305652680653	0.96381812275832
325	1.84453936024576	1.52372267927169	1.96399931787649	0.213262098544191	1.18943707704628	-2.05659358627399	1.72341716093266	0.127331568674659	2.09316868868045	0.175197001723999	-3.55963460581528	5.42294584248536	0.455078139396467	0.84304802553395	0.967300589663978	0.875363005050505	0.989309014454464
247	0.441410774029732	0.235378992524319	0.545924710008467	0.296647389975741	1.79231014859284	-1.37210677175577	4.26827147174783	0.181217181382281	4.70605820356981	0.171696850370123	-2.68920606259807	11.4402806042349	0.440545828063209	0.237294032101848	0.849137754827858	0.752419628982129	0.980276412473256
1095	-1.48570396921218	-1.34713747626852	-1.31167470468161	0.276983004736538	1.89682293368518	-2.984966316795	3.51158436151016	0.330463352860758	4.39597809197051	0.170003896558607	-2.86677413349118	4.57554277870709	0.436647193877451	0.688515468676656	0.94199942630061	0.761493541181041	0.980869572462078
233	-3.63966843270775	-3.10999769486038	-3.92155791046547	-0.779409189286476	3.96314973756575	-9.2257005468426	8.76611781961923	0.44297355390401	12.810666160545	-0.167990855311293	-6.20466032423678	5.4862255794441	0.384015633357339	0.769168906986776	0.954231524940768	0.522808614996115	0.96095667306657
0	6.63990899747668	6.61711429261022	6.55456273136712	-0.165773132735267	0.908372668308408	-1.34565270121232	1.70035703987066	0.102521672428505	2.26461093232691	-0.167621640475106	-4.54932727059139	3.92919160258514	0.40039065797358	0.795079546919286	0.958122129167395	0.540521804584305	0.96094309912631
156	-1.80933267642172	-2.00893942530455	-2.12470415711795	-0.530887556061797	2.73526591370142	-7.74076054771801	3.03316049987133	0.265176732194226	7.39309650921531	-0.165526699743455	-8.97454270344813	2.91933016963732	0.421052657217034	0.351969253269826	0.891470658361262	0.663820901320901	0.973019676792188
1161	1.55322578971835	1.32878106014761	1.1476298031824	-0.512125729240768	1.72851534219083	-6.71853766180368	2.17109211554133	0.189954270219807	7.17626071472421	-0.162092101817769	-10.0909738760478	2.96173084499255	0.382812539418149	0.215318850306175	0.836871109210332	0.513845182595183	0.959872487624364
110	-1.97671595860851	-1.74591525905714	-1.71402130803783	0.319382973302478	2.18118086616713	-3.08862197159529	3.40234161937141	0.209859522939596	4.32002363940839	0.16200738871014	-5.19928301216229	4.73004757729985	0.451171890671477	0.821821040977156	0.96406914617233	0.801197066822067	0.983475848510614
34	1.95589642908898	1.86347232325354	1.52305049011567	-0.343816687112438	2.0112962380596	-3.79088721747357	4.45391623038822	0.128265966289054	4.68420282639568	-0.160767586675387	-9.45065698556067	4.71796214475407	0.373046918138304	0.722513348852741	0.944124452230901	0.501727612665113	0.958406399263681
378	-1.03729592050846	-1.0635159784129	-0.755456637676077	0.266183559208005	1.66442757309583	-3.65282699682186	3.0481391474387	0.283458216767074	4.5696238045898	0.159896187221356	-3.83690797780522	3.59291527967375	0.437500020183555	0.821696871199709	0.965560656423446	0.703719891219891	0.97741363892578
54	0.834434077826173	3.00411944304708	0.764529209808988	-0.488231838684572	3.44384056317532	-4.88096535853463	5.54351843788742	0.203306512027514	5.80638126508091	-0.15974973947683	-6.46518185186312	3.74811868417468	0.445312517595153	0.602015388258249	0.926163253355919	0.672204011266511	0.975715417895309
561	-1.84883270435043	-2.03688993996387	-1.60160601024818	0.49796457637014	3.13203634549323	-3.84465710092502	6.02808989539556	0.305873330442014	6.58672357755243	0.157139374900869	-3.21580467757894	7.20985998785409	0.419103340144904	0.449983252026678	0.905886127039448	0.598561334498834	0.968264086103206
181	-4.74401441760395	-4.50476357093679	-4.69789551434584	0.615888743383621	3.24361974508054	-3.47834669241433	10.3776346302058	0.463983441579367	11.586864327408	0.15710646346394	-2.3086364369489	6.33496711236277	0.433593771488997	0.369793645941395	0.880331955883604	0.653894716394716	0.970743601729441
63	0.0805104640407306	0.00878894897605154	0.294353276714952	0.448801652843907	3.44838423401454	-6.00993798798866	4.97778676533003	0.224329516899722	6.28577948360451	0.156300471225153	-4.89855910973563	8.637983397519	0.380116999341048	0.484260896021063	0.915649174423679	0.518486548174048	0.960537965228485
173	-2.81037574411948	-2.64895152286964	-3.37269865725218	-0.648771540937964	3.55880030208517	-5.55211106286851	8.33374404464205	0.344458583655451	10.4038802963203	-0.153647340638808	-7.34469732147086	8.48189581453813	0.370370414375796	0.867989799798226	0.97111866222788	0.43501723970474	0.953788772342132
43	-1.39900128978095	-1.47560908922987	-1.56098685062635	-0.396874964164385	2.25564702184203	-4.42260560468151	4.22254188904921	0.378516463470507	6.00039657626187	-0.152635450924995	-4.25292883365932	3.50497023904841	0.434697876787435	0.71826532271824	0.945112172122406	0.693153894716395	0.9741992229673
166	-0.809569341393233	-1.04304226858258	-0.747020556142575	-0.378616421978137	2.60102393123633	-5.81475468841593	3.44443055056887	0.313737515922361	5.77195009985068	-0.146183138833572	-4.99397538736748	3.09631827698594	0.423001974291642	0.579409598733229	0.924372579047283	0.637415015540015	0.969804311286824
55	0.366332070339067	-0.0431517116066207	0.494491271266253	0.42471415251252	2.10566355715576	-5.98622184157382	5.49186834875665	0.197076552649798	6.40214549561676	0.145641675987017	-6.2819049280826	7.91874546524718	0.408203155199316	0.76000970380498	0.95117003434747	0.5974966006216	0.969017091739223
76	-1.06749075860567	-0.99577830366221	-1.82102343239617	-0.43864468755678	2.80168915972166	-5.74355445978379	4.56724909389468	0.327288430085222	6.8572635803804	-0.14259087871745	-5.7193116497597	3.67365566882781	0.446393779355188	0.615182756339775	0.92962859066464	0.751666909479409	0.979662390872606
10	4.79636693339255	4.75045148102652	4.52755177918149	-0.252377434842913	1.70716661116463	-3.44128822072544	2.32485655978889	0.120164618912051	3.53246261269835	-0.141145831377444	-4.99006265248632	3.03991053894944	0.444444462256168	0.582693100660465	0.92302909343662	0.804555167055167	0.9858230720548
1514	0.654413807752579	0.774547485537979	0.682469280616223	-0.209469485625656	1.13814424257525	-4.68988692891248	1.49055235072625	0.150168337866879	4.72941152043273	-0.140787686309262	-9.61788034068326	2.43274977636094	0.40039065797358	0.326625615466846	0.885939905454734	0.583601641414141	0.963966675570634
239	-6.22809554086703	-5.55606497020522	-3.24827959621685	1.01380959479125	6.67936647956149	-13.0942085272638	12.0059496455885	0.749062745942145	16.3773468713893	0.139474717760106	-5.10866392326357	3.94981053698949	0.414062528150346	0.768716106400957	0.954307214668423	0.613825757575758	0.967436044303428
41	2.73348794012765	2.94091581839496	2.86267309099762	-0.151895500614368	1.08941020149603	-2.35841377160801	1.70424833693612	0.151713631685278	2.49921700374451	-0.137618307513718	-4.69042592972138	3.43847883885375	0.436647193877451	0.609461694171556	0.925612911632159	0.710302544677545	0.977867358535047
213	-5.1838441694791	-4.52126746260792	-3.94951903423754	0.905639895144875	4.99027090391305	-8.37436113115704	12.0659492712413	0.821614629990648	13.538739443714	0.137381637606225	-3.13132041336588	4.82504989879959	0.436647193877451	0.592761165901657	0.923905894725149	0.654856254856255	0.973827975926006
37	0.761872578530111	0.829681305093353	1.02089877942377	0.476004379699455	4.04751772593407	-7.27437476371506	7.66157984824784	0.195078534881933	10.6966828849337	0.136776818402891	-6.24453247731739	11.1444817658501	0.382812539418149	0.709607645542487	0.940985846931127	0.532113199300699	0.960742606693407
266	-0.0712136144424189	-0.0454471472621689	0.144969657711467	0.39258093873574	2.01433504024529	-2.67047113013924	7.02821684525162	0.2461151060907	7.20389894830587	0.134551766549158	-2.9566079969062	12.4317240743147	0.376218365341616	0.262672104073752	0.866822539626751	0.544568278943279	0.963674288911414
290	-2.04698688749195	-2.05075133268501	-2.35938451231722	-0.373583141879809	2.26850215197542	-4.01582608385102	8.92931250533213	0.184807227922969	10.954670630524	-0.128515107102237	-7.26679900770865	6.28749108524549	0.406250030888192	0.754629534777223	0.952953267988759	0.630095425407925	0.967742659085228
86	-5.221216617611	-4.64333645197142	-5.77663906878855	-0.769135848132419	5.05458392601963	-7.97420067532053	14.4095141723099	0.651605741528225	14.6634153253044	-0.125529190784084	-4.06690056713919	5.90944079260735	0.435546895835284	0.720225603580888	0.947577613726132	0.660113150738151	0.970337206801226
91	1.89933837389506	2.13025554303913	2.30073271036004	0.235446592391601	1.75322661006582	-2.79247886771048	3.5009477687741	0.179538991865347	3.50713938707928	0.123225706354128	-2.84928044695006	5.06328375598891	0.443359393239607	0.705308505412267	0.941135244068318	0.750591249028749	0.98339919735971
144	-3.3242513937378	-3.29277049280226	-3.97185708540058	0.571116362355319	4.83539195296638	-7.16160822088906	11.7522551576519	0.614166925200504	13.0818411417059	0.120876454773586	-4.36654396845163	7.5306793459609	0.45224173066165	0.547508070555946	0.92106851502676	0.846633401320901	0.987585234318001
66	1.27062301660188	1.93074877334821	1.90962886242871	-0.35556455001267	2.67937798108108	-3.9004731356584	5.02375030579799	0.171055079559091	5.64989094952696	-0.120717527090556	-6.51412716024886	3.89617401767961	0.455078139396467	0.957106093642791	0.989029086494068	0.750446775446775	0.983481118874927
118	-1.90715771986969	-1.62629420754172	-2.05652443081793	-0.516516838792356	3.39918687300843	-9.49376186262748	8.69983879334762	0.343876008721232	14.3883916610632	-0.11910803026396	-8.90945132137714	4.41246626323088	0.438596510969397	0.637501567195245	0.934088253958357	0.754942453379953	0.981948809403452
130	-2.5149414952775	-2.53541666627392	-2.7241969938097	-0.246749605422228	1.83719013223061	-4.70388045510771	2.82237774282641	0.250992411335568	5.62668100720637	-0.114398246912541	-5.53066616419465	3.03774121975938	0.444444462256168	0.581592915647716	0.924418336857539	0.686091686091686	0.973767790943946
62	-0.854811299250151	-1.20183693594658	-0.733330666914362	0.291826543858789	2.01744264332786	-5.65099232635212	2.67733043612717	0.205208255060656	6.88835233592235	0.110149044859123	-8.72949781747784	3.40783288714151	0.433593771488997	0.619112395880343	0.929324854970461	0.7239814005439	0.976683516622105
388	0.0389474574875566	0.270026832133248	0.0315975932946149	-0.152919843564709	1.18018891522641	-2.00876876473273	3.01911593712468	0.163010614871532	3.34007873895296	-0.109942221053209	-3.82982975554049	4.58513730594934	0.457031263761007	0.896546931242301	0.978188106825279	0.789321095571096	0.982600157251478
217	-5.32889430129211	-4.66536140445397	-5.0042305794978	-0.515529930530466	4.08681495993629	-10.4355519717148	7.73299988438059	0.411900914035684	14.6568001396364	-0.108211725377753	-7.51409196226374	5.52438302457085	0.415204706008374	0.564698770233934	0.919966500057585	0.610397241647242	0.963833555560645
59	2.0367351209602	2.49511153773	2.66598785213605	0.227940544426043	1.94571736761647	-3.60678484771239	2.91932574954506	0.198155356601914	3.91495500074638	0.107170520194292	-3.45884883996997	4.40781960899418	0.428849925529639	0.868470454341371	0.974380288898271	0.733054098679099	0.979916938953515
138	-2.43857286698	-2.45599136897049	-2.53738139166237	-0.458074484173548	3.61936729143359	-7.18817643244486	9.16780098451482	0.272608302675232	13.2426398391325	-0.105042101753736	-8.13973560671627	6.00770803653605	0.426900608448015	0.621720325806688	0.931061046890642	0.641119123931624	0.970503294957711
56	2.53947261418816	2.84795160054381	2.63397628798376	-0.148351161589946	1.11871836205934	-1.78305591168205	2.53098385190642	0.112061781636967	3.57322254487884	-0.104417382941088	-5.9528524775564	6.1551413284386	0.445312517595153	0.940177311097805	0.985854681512927	0.784564393939394	0.983192300014412
127	-1.63507604295717	-1.68943759723069	-1.40590146629337	0.167399485791527	1.56132951723421	-2.19642368860204	4.14246300329325	0.236358708840745	4.37069146506121	0.104393271716122	-2.80966644848559	5.49522589952778	0.44249514515882	0.519292947725163	0.917450667297794	0.722443181818182	0.977993255679506
67	1.6097374260325	1.68005252954646	1.83609805450844	-0.204430956982069	1.94061764436158	-4.26631954724907	2.88223521143713	0.163601802373337	3.90558326942099	-0.10200777398485	-4.95601760831939	2.82326730641036	0.456140364873171	0.618751684267949	0.926713323582518	0.726686334498834	0.97884534078639
593	0.633382753219942	0.396940190125272	0.596417915856899	0.270643966955213	2.61938096396131	-3.22157743709207	6.66364735123235	0.202526634998208	6.90824508315544	0.0987947086346691	-3.38837610811129	5.35144903809478	0.445312517595153	0.461385005626623	0.912836901433912	0.729655934343434	0.980366782897329
1367	3.02163428980781	3.34030394197362	3.30886261141444	0.151877972685444	1.5553905068312	-3.11551107779932	2.40536790852451	0.0987694758932535	3.42919602604634	0.0940287792816375	-5.07881451590462	5.4359702298168	0.45898438812683	0.938649960782968	0.986264599255538	0.872690850815851	0.989787570898935
69	0.755625123687653	1.42770961548965	1.12193214877757	0.195491832255414	2.06497874084645	-3.18015757069398	4.66737747971357	0.182185259039829	5.13357028961622	0.0932744513108211	-3.12529885911546	6.28732842049101	0.450292413557991	0.676569468001897	0.936658418491935	0.842064879564879	0.987157161567248
171	-4.86785384811255	-2.87699152964849	-5.48074358188272	-0.47054626980715	5.22284741210479	-8.42893669480865	9.10590428359779	0.594980271062107	11.9894472582248	-0.089078392520578	-4.91185571426448	5.05394792637343	0.453125015033269	0.666956703364688	0.93968928607662	0.77526587995338	0.982254336412089
643	-5.70194424093595	-6.25819867512484	-6.19759618836668	0.358151570247452	3.74681009433019	-7.68212081540718	7.75830061610888	0.735050932798684	11.2205841292512	0.0885443378901041	-4.16951394579263	4.72078979469945	0.458089681980912	0.607063019321445	0.926173027507393	0.651087801087801	0.969060694981452
92	-1.92942515679596	-2.09831814882836	-1.79480305017362	0.216435571415018	2.31649498416447	-4.63294317368992	3.85498626068487	0.371385711087236	6.10736964430931	0.0868153993616047	-3.65303629456602	3.60068844637649	0.446393779355188	0.861786402794858	0.97231719192162	0.778342317404817	0.982730338412994
1431	-1.50249802532731	-1.53880317172337	-1.74402962950072	-0.12805061902007	1.24770628285581	-4.36587044186201	1.65210735368739	0.203253326356085	4.83507973156246	-0.0866233647678182	-5.91357079790674	3.26441840209241	0.45419104776673	0.503966864834223	0.915704966832492	0.720985091297591	0.976486798568829
119	-2.25333180820966	-2.70728107961993	-3.07649975182506	-0.3074642453406	3.45084323657225	-9.44496226392645	8.06058049323606	0.424557352020234	11.2529368652195	-0.0828268424640367	-5.73365890457163	4.82190576374945	0.446393779355188	0.801856037605265	0.960245654436615	0.697393405205905	0.97409981509618
1038	-0.298957069991456	-0.320406492412049	-0.287311441235361	-0.171998049354859	2.04872537423581	-4.39683874036415	3.00281919402936	0.244282266975001	4.84587808939976	-0.0781928629651436	-4.56679454374691	3.56489893752893	0.45224173066165	0.704081954436547	0.941110329361754	0.80308614996115	0.985217296107885
1300	-0.589968545633985	-0.443195844321141	-0.473631278237172	-0.0929792473635649	0.828058665993027	-1.54161220414027	2.72066304140875	0.13175149766576	3.35651194012324	-0.0777043991676597	-4.45851602697053	5.10325180645684	0.460038999089892	0.81144066367278	0.96229754348472	0.778718677156177	0.981821963898859
5	5.59427425337374	5.55352341437679	5.56464993643867	-0.106893930674525	1.38358839426086	-2.74103434588951	2.43110754210351	0.135242409235054	3.04896155991342	-0.074589667028171	-5.44054920966164	3.34151799662709	0.45898438812683	0.664273930764615	0.932062458535243	0.773445998445998	0.982534663792169
32	2.32910493421075	2.67454493948417	2.53515225132517	-0.224549307629609	3.170244892547	-5.59019528095791	5.22141611033957	0.260303758086788	6.03974878347586	-0.0736752353866849	-5.43635684523052	4.2624290817255	0.465886950423665	0.627346685892463	0.927607557838074	0.861307789432789	0.989953417984071
103	-1.37306532433819	-1.37166124138234	-1.50121235524496	0.190323550489879	2.22550069286519	-3.72280719759751	4.00372054279932	0.411779700791271	4.98188744091732	0.0736525245859232	-3.35196213155754	3.06523660998988	0.466796885601726	0.833076561842467	0.965189779301516	0.861517822455322	0.989481035335504
73	0.223759497283289	0.682180994973082	0.098818214714826	-0.230068190960504	2.9703687719596	-4.06276256246672	6.01978300753687	0.350305982047592	6.22434729612932	-0.0714612371331262	-3.99822605106594	4.40526547097513	0.467836267537003	0.933122094102192	0.985661245404817	0.882215180652681	0.990219713525628
81	-1.06523038495043	-1.30136154592733	-1.47083482002736	-0.137206602671471	1.75935531928185	-3.27238921022943	6.72220184123265	0.323613090788697	7.57152708633345	-0.0709482172032487	-3.44714077804166	6.23140051087269	0.45898438812683	0.752932617937035	0.949774673059412	0.788859751359751	0.982638670292915
234	-4.77431769127149	-5.12507478564499	-4.11486491533759	0.428838751196103	5.02941318239094	-13.1129744538031	9.73890847011852	0.715720582795222	15.9958021985194	0.0703094345889366	-6.75680338812391	4.7669506373077	0.45898438812683	0.794221714937035	0.960162838061971	0.783391608391608	0.982033234608205
810	-4.30791274647875	-4.91034726573568	-4.72143077934238	0.345000892035346	3.61403084759342	-8.93280839899698	7.71507787970068	0.556459622451497	12.8903783810768	0.0701287647586448	-5.1875002326446	4.30597646109833	0.455078139396467	0.751703109693214	0.951344392523838	0.739803078865579	0.978312768861397
115	-1.07052141970282	-1.21517052971346	-0.833194968411088	0.262536960137684	3.7987831731971	-7.25803573918002	6.56643261560459	0.33150513405215	8.00849614645761	0.0651454542870682	-5.31368748320036	4.43468020798027	0.450292413557991	0.94083865385399	0.986948965158592	0.800248883061383	0.984656898680213
407	0.543413513684934	0.623644067855047	0.809967275482221	0.0694747498782	1.34706786914427	-2.68190447238547	2.05841262357363	0.151550226692331	3.4252247468178	0.0650137126346041	-6.67284349177361	4.10561035538576	0.460937512493874	0.700733230624013	0.940501854016651	0.829944881507381	0.987500237140734
182	-4.51612751153497	-4.35878168683555	-4.49464616057035	-0.186306930596491	2.06161660047599	-5.77465375020202	3.57039692162009	0.371277862785209	8.31608105893531	-0.0630259830282996	-4.77683418678381	3.51699896350624	0.467836267537003	0.605610496469041	0.931911082035399	0.706297348484848	0.975931057875136
1128	-1.54711698794761	-1.64914046058262	-1.53595409355054	0.21035117180418	3.38112006216588	-4.3298529031089	6.53421520348893	0.324503377204228	6.57191701323932	0.0611425729076663	-3.10049623380483	6.32073877988445	0.465886950423665	0.638084628575417	0.932284833848214	0.828133498445998	0.986919976065935
951	-1.86655323730394	-1.40092039170323	-1.65178993211907	-0.186095609377753	2.79324081032576	-6.50483977900297	4.75239423528481	0.417847754166511	7.80659474584298	-0.0598250419431096	-4.36043488714895	3.73250231473619	0.477582853116653	0.691585492988117	0.938813319503352	0.865798611111111	0.98842885636079
52	0.982370745035947	0.719968558754712	1.09613849258232	0.114575413631591	1.56555719943343	-5.64834821838562	2.70796530544319	0.123521728293533	6.91891496586876	0.0595112904901751	-6.57659314561675	5.86175625532298	0.470703134345298	0.795350871476574	0.958994112653132	0.859177107614608	0.987442599792675
124	-1.10938138898667	-1.40157739673051	-1.18246912341387	0.154751101407719	3.32843496801297	-6.72548744630506	5.57434872465063	0.375199276656808	8.51800565272262	0.058919850955121	-4.02695124937259	4.35882322338169	0.467836267537003	0.89088509685156	0.976689343552208	0.769364316239316	0.981927822511759
362	2.06864771505904	1.63683932576614	1.98201753347235	0.174698566782316	2.83219060710704	-5.66900692834203	4.0139583128939	0.173827545347338	5.79376583128157	0.0553424931874106	-7.22818034729532	6.2089828733616	0.457031263761007	0.788601390027701	0.957105455283451	0.868139325951826	0.989177106444734
492	1.930324628289	2.09818737734401	2.1568556687433	0.0899310216168114	1.73976310931144	-2.67819062838798	3.6380280089601	0.195715962355248	4.40327367916611	0.0538635716977862	-3.85898876287081	5.50472240434736	0.460937512493874	0.709302494526065	0.941483407712419	0.85803952991453	0.98907625657099
27	1.43506029459777	1.12470164787724	0.832891371888053	0.199215814234136	3.31191286234233	-4.21591145633111	7.60451108312855	0.295597220863353	7.85014192229502	0.0503793306799333	-4.44007421478781	6.84089634136773	0.443359393239607	0.467008414810258	0.91448680436329	0.768351787101787	0.981013283078676
29	2.56439647927612	2.9085075047097	2.72455244692336	0.061957677104771	1.30141080305583	-2.42402637717284	2.26833610430613	0.118511731990659	2.98928715299205	0.0495207174435536	-3.73669825871496	4.32329843355953	0.479532170234768	0.937317238238062	0.987230305894784	0.911290792540792	0.991826649413832
57	0.805947048983026	0.169221456491418	0.924494676387859	0.123156186898088	2.84818835917647	-5.3487686638328	4.5316970533851	0.154911446206773	5.82267508349014	0.0491868604806781	-9.01223738559795	5.18625045316899	0.473684218882433	0.734196590056672	0.945238555602937	0.939520202020202	0.993825700514431
112	0.318517848040199	0.458433412870033	-0.138237340182414	-0.116435668362024	1.72479260062643	-4.33319623034787	2.4197611498369	0.152106696263669	4.72598829544358	-0.0491331427867257	-7.1609316974922	3.80161844800059	0.468750009973051	0.555662037381886	0.920676621682817	0.84714087995338	0.986946070903333
33	3.19296821557785	3.31629498503896	3.65917734902147	-0.0673914451422775	1.76093919993224	-2.67011309166765	2.4399006087405	0.12900387828802	2.77324818094715	-0.045629746387157	-4.71297026876747	4.5852459641379	0.465886950423665	0.953746019717427	0.987876546165583	0.889335664335664	0.990335406192088
163	-1.5717311936944	-1.76834951507822	-1.80346195297637	-0.106509026165836	1.47769581662764	-3.92062341029344	3.95465171924464	0.193980987245119	4.7436269725905	-0.0450803896433596	-5.56321789184069	6.32151005126816	0.466796885601726	0.840371633757033	0.968776464746466	0.758437742812743	0.978874835427375
104	-0.687708106860708	-1.0435313643652	-0.84281572652007	0.0813581658389406	2.16185415026089	-4.95005366581449	3.13827390776629	0.153215685530209	5.21002580576665	0.043577219602515	-11.01319008518	5.35504841158859	0.460937512493874	0.64527034652811	0.931605211419819	0.73875777000777	0.978340173501313
79	-0.0236759368993171	-0.445654422377575	-0.439296561065455	-0.11556217358573	1.55992734513187	-7.23246608182205	1.67591265505546	0.147803181015618	7.67479356499578	-0.0405834634937154	-20.4932672274392	3.42430810856772	0.468750009973051	0.163862873533459	0.821250153178666	0.880185266122766	0.990555258640242
184	-4.21033790205464	-3.88301137398029	-4.29103623547	-0.122015765344384	2.53065525817784	-4.5931603125407	7.51356675790389	0.449264752995792	10.113753001191	-0.040425034810635	-3.7772095049111	4.40691098723578	0.482421880594843	0.691942111262468	0.941623100074317	0.814350233100233	0.983891597261904
1091	0.297781125472445	0.0149812244720691	-0.0162706519856117	0.117063157792713	2.85396359298118	-1.79156313618099	7.22271561321026	0.202652266294295	7.93230611403364	0.0402272495131089	-2.94486386696396	13.1096850791751	0.467836267537003	0.213069652955963	0.83788116637576	0.861283508158508	0.988884064451963
1802	2.9788393038324	2.53322151581501	2.65284397909322	0.052890267693682	1.28627847107084	-2.68461082098516	2.03853508865315	0.112923605657184	3.69678735655881	0.0398765237357644	-5.80472755783344	3.40059814143177	0.480468756218297	0.821488358963672	0.963329146949596	0.890419823232323	0.991073389242894
83	-0.127361971016923	0.50274257447495	-0.0904354122602218	0.104208676716312	2.7618683402635	-3.26609555396847	5.21318464521335	0.207587181093449	5.18956971109879	0.0360945250785132	-6.80390842768818	4.34234666325331	0.475633535999189	0.908881981206727	0.981363890611479	0.91283750971251	0.991926187719233
75	0.430896604303615	-0.304595932873294	0.0268535791652615	0.100511951767081	1.72257233220014	-4.98504469028308	2.66422720795257	0.192220485584519	5.39939401808005	0.0360149933114902	-5.70532649568506	4.50003919090654	0.480468756218297	0.663455644033366	0.935017299358563	0.88285135003885	0.989122007126438
393	-0.734436938713373	-0.667332268192169	-0.765860122105621	-0.0484352957609202	1.1042802833292	-2.44721430654746	2.82562147849204	0.189872989709143	3.96569715241597	-0.035870019526445	-4.31549408484616	4.68590875403862	0.462890636862078	0.859610486618503	0.97191113993939	0.786713286713287	0.979942049566663
132	-1.93410794712235	-1.95832581896632	-2.00767294157262	0.121096833015575	3.42087656147703	-5.90619933705892	7.71602385190903	0.406999519614532	9.22300038216065	0.0327514459728485	-3.55571340596196	5.28587144301584	0.49218750248413	0.628247312261127	0.931108241343375	0.865881167443667	0.987828827669795
21	4.2155757218315	4.33934942883527	4.33267879255225	0.0244079745279189	0.74352199114376	-1.1754498322236	1.23596816524017	0.102237485492084	1.36214427136324	0.0326391176658915	-3.40235452121895	3.76573523794002	0.482421880594843	0.880467386196822	0.975938335550968	0.922284139471639	0.992954960803217
858	-1.8644751964653	-0.766526147078057	-1.27518154857887	0.0942049903162836	2.38061463771875	-2.95812654155072	7.03692992490613	0.277057532792664	7.24238393939302	0.0297520811731061	-3.23931006799336	7.44870218485892	0.489278755833123	0.463819335684647	0.91201117986344	0.884631167443667	0.989812579418153
1359	-2.45821125365225	-1.90041941107716	-2.20001684429042	-0.0474712594142037	1.67956499405738	-4.39635221975197	2.41075666728215	0.251079591653738	4.8069757968969	-0.0265372338935592	-5.08468551842567	2.99954599632747	0.490234378105589	0.600144698917644	0.92828162657133	0.80582871989122	0.982811884834231
26	3.06118339923449	2.9952470334953	2.72405887468668	-0.0433907243651275	2.03349081818283	-2.18537222481605	4.99504482910631	0.118630978685995	5.52336568383747	-0.0263155996869001	-5.63081976694137	9.05739403460756	0.489278755833123	0.461277965911947	0.914820626729384	0.973328234265734	0.99701496280824
635	2.26100025182189	2.31456749191133	2.28753089588802	0.0537728648600404	1.48366170861482	-2.41544219006829	3.88642556149093	0.137375533065651	3.67275815605167	0.0239420102589897	-4.62922953763568	5.04437788963642	0.487329438712605	0.803562086325402	0.960470573882384	0.903560848873349	0.992153012222668
134	-1.46422892088922	-2.50652585823277	-2.48721216456139	-0.121911234067335	4.13537779972351	-7.46399704918893	8.88368305736888	0.635771506293038	13.1036744471204	-0.023635737379272	-4.05675662958436	4.89042877503793	0.487329438712605	0.800800732432066	0.959880770969702	0.875206390831391	0.990055444209348
36	2.18561677874998	1.74470226933855	1.85678208161359	0.0540519446053587	2.75899617466979	-4.16883391420788	4.02255814528166	0.135189472039557	4.36097982569879	0.0206174186629373	-5.19693402054682	8.67242835796972	0.485380121592454	0.818347203503161	0.964651193490565	0.839478923853924	0.987141609055222
277	-6.5441503462394	-5.85278940469193	-6.53925849025526	0.0958665452182297	5.09688201379433	-10.9442125911548	10.0075007891248	0.769179398591374	14.8339952933556	0.0187778538859512	-3.82594021276577	3.88261864123773	0.486328129349418	0.65152340400532	0.934247194390244	0.733818958818959	0.978463709640377
70	1.87114532130039	2.22827205657911	2.18795818217177	0.0331902499158936	1.63037163346731	-3.05389287897187	2.42783817145504	0.188794259506406	3.3247561742522	0.0187658739828113	-3.32986607787937	2.72161650136124	0.489278755833123	0.823704367282046	0.964253704913841	0.942441239316239	0.994591606437437
65	0.138828935276502	-0.196022728675363	-0.59763444066119	-0.0472834601425394	2.56565663275946	-3.60730214930112	6.62413081940331	0.415022516452766	7.48997485709616	-0.0179668130673318	-2.83594681507223	4.51326552282523	0.485380121592454	0.614912474543737	0.928165028874639	0.921726884226884	0.992534602702173
474	-2.28607844630233	-3.25907670255666	-2.1539428736676	-0.11282222179072	5.9925347892594	-13.9405041351603	8.81579468182836	0.576353664450429	16.6066881994384	-0.0178011658097906	-6.25870836602272	4.8446510420609	0.489278755833123	0.715728059362305	0.947145942929223	0.91135878010878	0.99137057135525
135	-1.97231404337573	-2.22078783774694	-2.29113173612899	-0.0408863761194915	2.02332013678805	-4.39648069610209	3.09163586841407	0.253780763227352	4.89515550261084	-0.0158635488277264	-4.92179794862765	3.0831602625163	0.488281253727333	0.745997402235591	0.951547432929566	0.812827797202797	0.984329217102515
1253	2.49789543102344	2.79743630052936	2.70359906304909	0.0417858563850952	2.24102906780633	-5.15189677222407	3.86354411115755	0.14727740946375	6.0282306794629	0.0157809160202302	-5.58716913260827	6.37854943893533	0.488281253727333	0.917193682327854	0.983879739987155	0.944484508547008	0.993749057046576
16	5.04546826696622	5.21232900887221	5.1598964152286	-0.0107248388070538	0.899302479565431	-1.25116578870584	1.86682239561967	0.0903922530393513	2.08501048164724	-0.00971863947069592	-3.70127985766997	6.33235892107488	0.49218750248413	0.647828435879849	0.933123487755651	0.936066190753691	0.993427179107044
100	-0.195576820296844	-0.0798755155538107	-0.0585032139352606	-0.00968241642810952	1.56473564910317	-2.30089791818795	3.74718462255699	0.25658621271248	4.34173560874627	-0.00710267205315772	-3.67388970083248	4.08862085585347	0.49707602431773	0.755917907149696	0.953784899373498	0.909518259518259	0.991586344410785
231	-2.92089295621243	-3.40692015927344	-2.80840819413833	0.0301867477987807	4.91498865339111	-10.987949836777	8.44282574868308	0.594878649597022	15.0794010497906	0.0058483703220071	-5.05234284610323	5.28555246612477	0.49707602431773	0.764504965874437	0.953123253129879	0.894367958430458	0.991212289704736
1213	-4.1573971679083	-3.90676301695121	-4.28122397127182	-0.0170875971901499	2.86198482200989	-5.42390510961369	6.0020139460304	0.46298406569402	8.43003501495433	-0.0054408724727136	-3.97187674285977	4.10214697801367	0.49707602431773	0.723523165900409	0.950058681349244	0.736504467754468	0.978817934571252
113	1.00382423669551	1.52046345373419	1.60223493307168	0.0101471481433952	2.1258021185741	-2.79769588923763	5.21375779840086	0.158796733292487	4.81321694304907	0.0051969089184736	-3.4271998106409	6.08529490515227	0.49804687562089	0.705789065588052	0.942140960618797	0.904563665501165	0.991962867814464
190	-3.70722190908779	-4.63761192362274	-3.06200276588738	0.0289901569724282	4.88696998775096	-9.21812949243605	9.21112605955204	0.49397192556536	12.5787300011348	0.00418740722348169	-4.39356947232812	4.56200046532011	0.496093751241838	0.718664649644981	0.948095031213206	0.846301961926962	0.986429604568441
71	-0.374865671234932	-0.0840781121334624	-0.285073963051606	-0.0134565539084646	3.2628137976101	-5.79447920518633	7.01285212713511	0.303258411091147	8.5917570994952	-0.00267178533862402	-4.91150645326184	4.07769671031075	0.49707602431773	0.861171506882994	0.973990600168956	0.926058663558664	0.99362575577662
