	CL-116	CL-117	CL-118	CL-119	CL-125-12mo-2	CL-127-12mo-2	CL-127-BL-2	CL-128	CL-130	CL-131	CL-134	CL-136	CL-137	CL-139-12mo	CL-139-6mo-2	CL-139-BL-2	CL-141-12mo	CL-141-6mo	CL-141-BL-R2	CL-142-S	CL-144-2	CL-146-12mo	CL-146-6mo	CL-146-BL	CL-147	CL-148-12m-R2	CL-148-6mo-2	CL-148-BL	CL-150	CL-151-12mo	CL-151-BL-R2	CL-152-12mo	CL-152-BL	CL-154-12mo	CL-154-BL	CL-160	CL-161-2	CL-165	CL-166-12mo	CL-166-BL	CL-167	CL-169-12mo	CL-169-6mo-2	CL-169-BL	CL-170	CL-171-12mo	CL-171-6mo	CL-171-BL	CL-172	CL-173-2	CL-175	CL-176-6mo-R2	CL-176-9mo	CL-176-BL-R3	CL-177	HLD-100	HLD-102	HLD-103-2	HLD-104	HLD-111-2	HLD-112	HLD-22-2	HLD-23	HLD-24	HLD-25	HLD-28	HLD-31	HLD-34	HLD-35	HLD-38	HLD-39-2	HLD-43	HLD-44-2	HLD-45	HLD-47	HLD-50-2	HLD-51	HLD-53	HLD-55	HLD-64	HLD-69	HLD-72-2	HLD-74	HLD-77	HLD-80	HLD-84	HLD-85	HLD-86-2	HLD-87	HLD-94	HLD-96-2	HLD-99
1	95	266	162	190	90	649	1219	1126	382	242	264	463	108	166	163	299	91	166	1064	1218	574	68	133	141	84	356	177	206	92	108	177	92	274	158	323	143	136	128	73	39	75	2641	632	400	283	818	1165	685	178	187	194	118	515	240	97	873	513	3003	229	543	631	859	752	999	221	1357	133	522	431	414	414	303	131	74	230	215	374	900	325	155	337	1129	170	342	667	205	166	314	112	136	319	1176
2	95	84	119	21	6	84	34	17	14	82	65	41	65	6	9	33	12	36	35	0	46	15857	4343	828	73	27	1	8	82	47	6	87	47	99	52	9	46	118	50	124	61	24	12	2	88	26	103	77	28	27	5	38	43	25	119	33	5	10	66	52	179	50	55	21	46	79	83	3	67	40	46	8	102	129	22	101	71	10	49	2	78	4	0	58	34	51	60	102	26	72	4	196
3	1182	4355	8118	12601	5858	3108	9345	5850	19155	4861	4527	15442	5392	6802	11500	12370	1747	963	7767	7646	3194	4758	3519	3948	12097	11060	3053	10121	2305	2583	5391	19924	4397	7599	5878	4192	7239	3604	917	2325	2331	10811	1952	1643	24678	4478	7820	6336	2246	1872	3492	1339	3565	1567	3287	14503	2008	1364	8683	9517	2487	9891	1743	3253	6910	2735	1586	7371	3854	3786	13175	2384	4174	1458	1219	5719	5485	12942	1458	5810	5853	6899	12676	4336	1703	14455	5223	3942	28495	1131	5045	2097
4	839	761	2581	707	447	1838	1079	10428	4117	3743	5044	1566	498	1847	2649	2335	804	2485	312	788	3364	1120	3126	1003	1895	5793	6527	5789	843	2253	2416	835	1375	956	1401	1892	1157	951	6897	2385	71	2458	794	930	8644	2955	3109	10565	3496	4415	3485	551	1352	918	3551	3965	2669	1107	5362	1333	799	8384	4148	1697	2981	3682	1919	1321	5119	2243	1513	10993	1336	778	978	2236	2040	9056	698	2689	3995	3507	2229	4375	3725	3959	2667	5255	3074	686	449	5105
5	65	348	140	721	531	135	197	88	61	35	283	93	3738	73	761	250	603	1155	482	488	310	92	150	97	130	245	128	209	156	121	74	152	360	114	88	134	653	75	134	290	24	153	110	63	223	106	148	147	82	152	96	120	114	129	1690	62	201	3676	159	175	400	270	220	115	1392	639	57	184	117	221	106	147	130	2863	65	438	144	178	87	71	420	143	264	158	86	988	335	431	111	1856	61	201
6	0	28	11	28	2	6	127	1	3	2445	114	1	1	6	2	5	1	1	1	41	36	240	44	5	1	0	27	26	5	1	42	43	39	0	3	4	2	2	0	65	0	130	1	2	1986	29	1	3	80	15	227	1	2	35	116	1	3	4	0	4	27	1	25	0	10	57	2	54	1	2	4	10	3	9	2	18	5	39	5	43	3	29	19	4	69	0	2	5	3	1	24	2
7	16	5	116	8	22	38	117	30	27	155	63	43	8	27	19	28	33	92	6	8	7	47	179	136	5	23	6	6	21	171	85	13	7	12	17	83	27	219	5	7	1	3383	253	904	171	3	7	57	159	49	418	12	17	92	49	1184	17	20	5	12	14	48	9	51	34	45	239	16	28	3	8	837	17	9	30	18	38	18	49	9	33	61	1	49	63	32	16	29	288	42	268	51
8	116	4289	807	1953	154	609	882	736	1069	329	681	1726	1096	292	186	320	241	386	1156	144	67	352	500	164	1412	122	57	807	143	907	1580	78	1365	1579	178	416	129	870	55	122	28	1021	222	158	371	757	227	329	410	4702	644	228	705	1247	173	481	379	175	421	793	623	3972	158	4366	2497	126	1048	448	274	157	912	2271	187	243	198	1382	2050	725	134	1271	1337	58	75	529	2744	1940	175	4184	1539	191	140	314
9	27	878	18	7	93	14	398	29	3	280	31	76	5559	20	67	43	8	6	22	13	24	4385	2084	126	21	18	5	1	12	2999	6761	21	41	46	85	279	33	48	5	10	2	39	82	22	18	6	33	14	48	36	14	57	31	153	6	85	29	24	14	46	23	14	76	12606	6143	8	160	9	13	21	102	10	33	26	42	86	7	133	23	12	72	1411	52	12	48	13	30	213	9	35	43	26
10	0	13	20	1	2	5442	1863	31	0	77	1	2	786	0	2	2	1	0	16	4	1	1312	292	28	1	17	4	5	4	777	1752	10	12	10	4	1434	4	3	1	6	3	32	4	4	26	8	6	5	12	1	2	4	4	4	2	5	7	4	56	43	17	0	2	4	831	0	1	7135	7	4	14	12	3	13	2	2	1	58	52	3170	5	0	27	3	1	29	7	0	2	6	2	7
11	82	1909	995	1313	82	639	239	824	99	85	1250	834	899	82	100	96	1170	153	1207	297	78	102	151	80	414	3555	55	1537	105	2323	831	84	224	296	445	117	154	1409	57	103	109	508	322	132	174	1251	1429	699	128	337	63	597	952	95	149	3964	683	4682	2054	1925	344	1918	310	149	616	220	133	223	2167	817	621	521	121	184	2131	464	2494	514	144	1831	2771	162	4345	319	538	1769	475	1523	1063	120	121	555
12	53	51	95	14	35	1104	176	52	62	97	44	46	42	17	28	87	48	42	389	3	25	8098	2384	5446	116	36	6	42	55	24	15	205	32	36	62	93	57	54	17	45	50	205	1772	594	47	10	26	91	1297	60	45	19	21	1239	70	54	39	32	42	32	77	51	17	39	55	66	3652	364	81	6	31	33	72	29	42	57	46	259	92	520	55	44	25	161	10	49	483	56	29	88	32	99
13	4060	7997	9906	18847	15607	19854	6283	9989	9784	2474	19422	21617	28121	4458	8034	2835	24310	3739	33424	11405	1597	10070	6945	3994	50495	20986	6438	18709	22759	12599	5459	5168	5060	29043	19773	3317	3071	27773	16564	7962	5367	5648	4259	3199	3538	27921	18065	10030	1866	20308	1670	13428	19493	30831	5830	19711	10484	7104	14213	31777	17371	32697	7222	2760	18569	1942	16472	5089	12428	26995	31770	19333	10306	30985	19394	14730	22149	23075	64491	37331	32003	2945	19651	17225	16757	19941	22424	9058	11958	24630	13587	5229
14	46	30	157	394	105	47	10	46	27	18	135	234	29	15	66	25	12	76	424	82	42	13	69	21	14	10	8	597	35	113	17	9	11	21	5	11	68	13	16	8	7	80	39	25	17	983	1219	1622	42	278	14	17	232	58	10	862	106	19	247	581	204	587	21	35	17	19	43	29	1002	31	44	447	56	35	823	34	1013	33	45	20	59	81	18	180	27	421	151	42	524	9430	212	86
15	19	0	0	0	140	21	0	13	10	0	23	43	13	0	23	1	0	46	0	0	6	6	31	15	0	0	0	0	0	139	0	0	0	6	0	0	7	0	17	0	0	23	10	0	15	0	5	26	11	45	0	10	0	95	5	24	5	34	0	0	0	27	10	18	12	6	23	9	38	0	1	0	0	16	43	54	0	0	10	0	22	10	0	38	8	24	0	0	16	22445	0	39
16	208	561	537	2528	107	2808	567	1100	684	131	482	659	1114	179	1560	256	456	133	2759	100	53	110	261	126	923	1177	727	1853	1555	1351	545	107	213	418	1384	251	198	829	974	859	535	285	205	138	177	937	712	730	85	3871	83	747	1905	157	242	1195	279	138	582	3001	2790	1849	365	158	767	111	296	418	1155	383	2382	433	625	6137	2824	163	578	3040	6446	2185	2327	283	1003	2898	950	1578	2602	357	406	138	575	181
17	25	13	14	989	14	92	35	14	5	14	24	24	12	43	1668	23	17	18	96	10	3	38	35	6	901	22	5	42	27	792	161	5	4	273	1092	24	13	17	26	14	80	28	0	6	8	12	16	25	123	2042	5	12	12	7	16	22	0	20	8	15	42	224	2	16	12	12	29	99	1193	18	1062	9	11	12	16	10	5	19	11	63	36	2	6	34	4	24	28	11	22	31	11	28
18	505	1498	691	11058	384	973	7471	1058	619	1498	4830	857	732	1070	3525	2865	912	826	979	97	177	37140	40124	31998	1785	601	1577	584	671	6005	898	1366	370	291	263	4598	609	472	418	575	10416	2000	219	825	1139	1048	484	1298	5884	32549	1010	395	428	10151	863	12049	1464	409	405	836	6309	674	150	457	607	1057	29547	197	18092	2026	357	1823	1102	906	558	916	451	613	474	385	1316	327	588	10658	190	12052	1334	1518	413	1506	208	1423
19	9	8	6	2	0	5	9	5	1	72	4	3	14	1	1	4	1	4	2	0	5	2620	1236	0	12	1	0	2	3	3	0	3	5	10	2	2	4	6	5	12	7	8	2	0	11	5	6	12	3	7	0	5	3	21	7	4	2	1	6	4	16	8	4	3	3	6	67	0	6	5	2	0	9	24	4	13	6	0	3	3	4	1	1	3	3	8	7	9	3	12	1	24
20	68	103	130	180	13	189	502	6315	44	851	111	81	111	38	46	29	77	127	73	54	51	12308	3510	647	942	403	1078	3397	64	36	45	98	219	500	1557	148	76	79	42	88	72	95	22	26	110	113	65	133	252	3845	45	39	69	119	112	42	75	45	44	380	156	62	59	57	84	82	310	47	172	33	1238	118	1768	101	107	211	95	77	150	96	100	30	242	84	3704	108	116	82	65	90	2444	174
21	781	57	50	3319	17	68	136	116	22	108	95	2631	56	5	36	36	3	31	12	40	38	5949	50	8	361	3779	22	40	35	1543	1173	22	14	96	293	26	32	14	3	42	195	81	10	7	25	69	20	33	52	32	131	17	17	48	29	21	115	8	65	31	72	61	33	25	14	38	105	77	78	10	557	2	83	31	34	43	13	30	75	64	63	19	4376	31	24	3589	29	54	33	58	24	55
22	2782	2298	6528	5732	2447	10094	6572	2714	1085	1415	5338	6520	4897	2704	6354	7985	1132	1443	5668	7343	3541	1136	1023	974	6029	3091	2434	3132	1875	1665	1101	2281	2380	4593	4475	3819	6982	3320	3208	2599	1202	4976	3068	2090	1630	5034	2357	4703	1501	4687	1424	1070	1815	4545	3258	7093	4102	1492	11332	2949	8887	6851	1577	3872	4655	2140	3153	11629	5638	3176	6289	3309	1817	1464	3493	2243	4138	7325	10154	6249	6145	5233	3040	5825	2983	9603	3247	2606	7212	10107	2752	9715
23	35896	15899	19364	33298	9309	29138	26304	37932	19338	9974	32414	32830	22290	12157	30458	19926	17712	30579	28549	34042	20975	8372	11000	7044	27878	19872	21766	32506	10255	12757	14188	12885	12164	19685	13332	10139	12728	18153	33791	26141	5213	35018	30717	11249	11715	27174	14509	16971	10542	17819	8147	14003	12995	20929	22485	24378	26381	13565	22058	27733	25211	27920	15220	20835	20475	17384	19834	26154	43170	15426	24901	20795	8040	9497	14767	24002	23166	37505	29761	24251	25429	23263	17423	21982	11232	34831	24532	15480	25897	16651	12266	27929
24	122	58	568	180	110	122	733	77	92	5690	205	139	90	71	72	106	65	164	101	69	63	1167	3893	3400	161	133	42	118	90	2608	2172	151	137	100	54	142	190	74	90	122	2059	748	58	91	74	134	131	142	8034	145	5524	183	88	366	82	95	60	175	131	156	162	290	127	112	66	648	1420	81	126	4109	163	82	46	160	145	146	151	77	73	100	137	121	26	213	97	79	98	144	87	192	97	156
25	160	614	874	1442	179	3538	1535	430	1368	611	175	211	4287	119	262	188	848	146	691	186	183	5549	1119	364	223	264	124	1087	130	1718	2129	234	185	236	241	327	264	3842	76	131	1841	381	3249	160	277	496	1210	939	3815	545	191	312	574	658	154	613	100	112	712	1132	370	397	687	327	4394	553	507	1277	632	182	375	322	184	269	189	294	631	621	297	4004	293	2005	257	202	2355	1763	722	589	613	179	1714	273
26	10	61	44	128	7	30	21	149	1	14	63	26	73	3	115	22	11	27	55	151	23	1084	109	10	41	4	6	168	12	22	118	6	59	28	21	8	20	20	21	21	8	21	7	1	33	19	49	167	22	132	36	43	21	8	5	11	53	142	30	25	48	52	15	9	63	723	8	37	11	17	33	14	18	1736	7	37	34	64	9	13	23	17	9	6	14	181	26	56	21	72	5	13
27	986	5251	5807	3050	1164	2861	15203	6256	4608	3053	6195	2309	2076	1420	2181	3546	1388	2564	4261	1223	1407	6360	11271	2628	1229	3360	2991	6528	1079	8589	5942	3100	2022	981	1705	7431	1929	2495	6214	4482	852	8017	2313	1780	1372	6447	2411	2847	3211	1645	1509	1904	2041	3721	3224	3266	4997	6025	6198	5194	18381	2851	2727	6622	2061	7139	4988	3646	1251	2142	4256	4983	1120	1440	1939	4790	11545	9030	4944	2978	5704	8450	2566	14120	10666	1086	4496	6151	1300	1170	9275	3664
28	3638	2377	2283	4556	1392	1846	11406	6483	5213	4116	11187	1898	9789	692	1029	566	5598	13835	23253	5089	546	11126	9340	5146	7023	3529	2268	6318	804	1158	745	1829	2729	3904	805	3910	2064	646	5913	12579	625	2012	782	637	1343	4530	2863	3357	10808	5640	5998	2378	4299	7018	1063	18720	3967	708	1617	8338	1275	11483	848	13763	7342	1178	3787	3820	904	8245	2344	2650	752	2810	1755	7753	1668	1748	1696	1580	1125	1544	2106	1536	4747	4815	23554	3213	794	3311	5082	2201
29	1438	3119	6003	8044	2893	6243	6856	9581	3780	3540	8442	2544	9370	5954	8399	16646	2679	6785	6382	2190	4934	1844	3194	3663	4735	6175	5987	8864	2509	5752	5781	3553	6984	3576	5371	2607	4637	4971	1305	1335	2549	11519	8351	4248	4616	10294	6508	5291	5647	9155	4020	2718	3073	4715	2988	5758	5837	17352	6706	7222	8600	6642	10702	14272	9672	9275	5623	4705	10785	3016	8520	9477	2205	4648	2959	10871	5346	16287	6169	5639	1667	11588	5106	7340	2639	8548	5650	2971	13121	1763	3435	6752
30	4792	13642	14995	27601	12043	22054	18211	31175	11022	6668	15523	19065	9062	7048	17042	14994	19495	22757	21817	10240	5657	11077	10740	8558	14731	11067	26277	30753	12782	16608	20763	5312	5126	13795	12584	7472	4044	21279	2931	2176	2931	17940	21576	6937	3876	22513	11871	7774	14480	30736	7681	15727	15941	34089	2925	31868	10284	2562	18321	32423	24615	23738	7823	6756	9149	16037	20047	12161	42006	8341	17680	24871	6390	3086	13840	11810	25825	17441	8030	26392	32164	11956	6320	26094	15688	26111	20314	14006	21802	40501	16086	11164
31	29201	20702	37543	40927	10909	37701	44880	32005	11485	12223	26924	15310	26603	22707	27749	21070	25099	48469	41116	28204	12989	16817	19706	13732	35468	30656	10499	33083	9949	23834	36213	10363	17550	27036	17418	17282	11270	20051	28454	24770	16539	35377	14566	9894	12855	40570	22174	22678	19574	23182	13204	14133	13091	20036	22418	18404	20188	32763	39395	28039	27164	38302	21399	19022	25448	18760	20938	42003	30804	14136	33886	38144	8444	18069	17516	27852	22731	39434	39402	31616	31535	33505	29417	24058	20547	46889	28362	20403	58611	24962	17945	31649
32	58	619	256	441	49	973	1248	845	67	127	702	211	304	206	537	885	106	87	323	79	51	74	96	57	282	549	198	628	212	65	81	93	386	183	274	525	73	265	60	50	59	1735	674	221	102	112	59	85	81	596	101	175	175	417	51	118	581	2104	490	409	446	129	1053	69	392	643	261	2120	648	175	1232	75	59	531	183	338	421	1312	736	715	585	51	551	441	84	373	390	522	905	1386	89	783
33	536	672	1342	1813	3409	1857	1747	570	427	420	2306	584	444	900	1021	465	549	1401	1359	1651	172	1239	2010	1800	2833	494	562	1397	1316	2729	708	498	283	1903	738	811	423	3863	256	302	1074	1238	305	407	452	1047	372	599	2053	2995	363	754	638	3103	1103	617	1255	527	1362	1071	3067	1266	663	613	516	360	2244	609	765	385	1073	932	861	517	7933	628	2972	1000	7076	4260	2371	647	194	2587	3477	1066	1155	925	917	8448	2793	912
34	243	195	337	388	171	393	5978	221	72	296	1091	264	232	72	48	201	1188	702	21754	301	130	1064	494	1539	1050	105	143	766	211	3884	1806	163	208	663	2356	3126	60	177	125	1143	134	336	103	271	20155	278	152	668	139	1422	65	261	214	158	1311	54	37	151	131	419	348	23666	190	57	505	137	121	147	97	239	2636	114	141	312	596	403	214	362	429	597	373	105	91	63	263	133	14819	166	162	102	757	183
35	122	327	308	229	115	1676	975	388	118	228	1920	191	239	163	289	341	164	210	437	286	144	166	93	152	151	339	241	260	119	944	574	140	125	163	150	618	230	432	89	85	72	366	184	135	174	866	809	350	161	335	142	168	140	267	140	301	2062	379	326	302	934	364	176	586	216	202	415	1960	978	377	221	463	92	93	305	138	143	277	431	974	221	629	320	716	157	185	390	401	117	128	364	606
36	237	58	579	1317	97	3612	292	80	61	282	191	102	216	86	93	61	270	153	194	48	25	228	47	79	223	249	77	271	1402	64	89	232	38	72	221	41	139	4052	50	68	17093	425	551	450	173	4643	151	286	38	194	31	103	95	25	87	105	35	41	72	424	5214	36	27	68	117	33	87	101	558	275	209	5966	852	59	40	111	220	247	381	2936	106	65	16	3497	254	1066	526	47	33	73	900	137
37	51	90	99	125	20	110	3827	8	42	203	337	28	27	38	7	34	27	14	13	75	51	8852	3550	45	38	82	20	44	52	21	280	78	67	49	38	2923	57	52	20	203	54	33	28	38	5667	116	20	62	47	39	470	116	9	50	375	27	12	51	15	69	170	29	59	5	35	92	127	31	90	19	40	51	75	90	18	165	32	65	97	56	155	26	32	37	85	32	90	94	39	41	50	46
38	19	120	51	364	55	76	68	119	20	14	116	151	108	34	107	104	99	42	206	23	27	12	54	29	101	468	21	127	25	122	108	42	132	79	85	31	43	52	239	38	6	221	25	18	65	45	26	30	45	164	17	94	52	128	446	108	64	602	69	114	146	344	102	34	88	27	92	51	87	73	197	19	74	483	95	543	41	170	191	119	382	57	513	172	136	419	58	113	56	2639	34	84
39	114	1856	1385	2642	62	1790	631	226	96	138	491	2268	177	1156	1473	1746	158	155	1440	148	536	458	595	74	3560	785	48	175	1354	1581	563	103	382	1817	697	241	149	1033	55	88	1126	522	126	185	142	1048	1478	351	160	5168	82	105	93	4559	1456	129	322	4411	2085	110	1862	3121	1367	192	115	51	3470	640	9337	197	1536	828	298	445	721	366	1360	285	226	2880	3059	119	692	1507	82	1283	190	406	4681	109	70	189
40	3506	6744	23070	18831	6495	17468	16924	19946	12612	3977	15023	15705	13638	7567	14957	12045	6923	10540	22083	5093	3971	6755	10276	9538	12265	7065	4155	26122	4432	10265	6707	6848	15040	8843	11664	4992	3175	17888	2676	2944	2372	24712	11233	6495	5575	11460	16834	4784	6469	11165	4575	14118	16726	17342	2674	14255	8018	2294	25785	23117	16840	15890	22832	12373	14406	4943	13110	10543	3981	7138	23260	6451	4617	17923	9676	48600	23057	35182	18647	15444	10431	19027	4578	12499	5086	12579	22971	9135	9232	4123	11385	17134
41	1923	2703	9524	10883	2926	6436	9902	7992	3862	2046	8632	4075	5396	3410	5936	8611	3562	6172	7705	1901	3569	3618	2959	2922	5072	3224	2572	7811	2720	4307	6622	2740	2662	3568	5405	2822	3402	7351	3506	3129	1268	6975	5280	2665	2307	5098	5115	4073	3131	7591	3138	4809	4413	9455	1939	4344	6000	4478	11929	7908	14249	6898	4605	6071	5022	2261	7965	8391	3576	3652	8409	3875	2550	3211	4089	5224	4609	8767	17311	8590	2377	4033	2296	9671	6102	7248	6414	3052	8625	2111	6019	5054
42	1760	8960	12658	6513	1082	13253	10218	11439	1629	1926	10253	2038	3482	1809	6415	2755	5470	7952	15797	8371	2162	4967	12623	2104	6566	3402	4614	14984	1210	9256	9442	2239	3631	5612	8384	3082	3664	9381	854	924	1024	6409	7252	2479	1561	6677	5599	8005	3811	7177	1379	3233	8283	2223	1149	12847	8548	1707	11939	20058	13032	6410	10807	14745	3148	4461	2627	11883	1743	1945	11303	3627	2090	1751	3513	11614	19671	5741	2130	14564	1346	13065	2462	9372	8034	1204	18481	9839	1195	1238	11393	3787
43	8	2	6	7	15	2	6	5	1	9	1	2	11	13	3	12	0	8	8	19	1	247	347	4	15	5	2	1	0	1987	846	3	4	21	0	17	4	2	2	9	1	7	1	1	1	11	15	0	4	6	8	16	9	16	2	11	0	3	12	10	8	3	5	3	1	6	7	4	6	10	8	2	4	17	1	3	16	10	5	1	16	2	1	3	12	0	2	2	7	31	3	25
44	1176	2181	1821	4207	713	5626	2858	2278	827	2430	6678	1378	3527	3705	3931	12139	2236	5608	3940	3561	1074	1575	2270	5206	14369	1742	7985	4077	1827	1130	2551	2613	2989	12042	10222	1188	1403	10350	2458	2517	2120	8240	1089	1319	1330	1307	1510	1005	1718	8602	1290	823	1691	1945	7465	3688	6454	11331	1690	3057	7537	4141	2357	4676	3728	7106	2024	1093	2688	2495	14423	1185	806	3464	5098	7704	1763	8318	6222	13186	5928	7103	1441	6352	1730	2715	3498	3601	3374	2536	3334	13972
45	2000	10283	19757	7261	2904	10862	8098	11429	2391	2400	8131	8754	3447	2718	4556	4560	2504	3503	10773	11725	1418	2889	2999	1497	3257	9270	5905	15540	2947	8006	6239	3619	3182	3484	2101	3352	2079	4397	1046	1130	972	13445	4693	2413	2664	16775	8388	12314	5066	15266	2601	5970	8321	9534	919	6056	5892	1234	18167	18076	8613	13399	8735	24699	3276	2598	6304	8554	4181	6016	11809	11538	1443	1658	5242	9393	3308	13354	3160	9949	8129	3595	9006	7435	4749	4914	7319	11545	4969	2101	6154	15375
46	0	3	14	1	0	2	1	7	3	0	2	4	0	3	5	5	2	4	0	4	1	4	9	0	0	0	1	7	1	2	6	1	11	2	0	4	0	5	4	2	5	5	0	0	3	9	19	3	15	3	31	0	3	10	3	3	8	3	1	0	7	1	3	0	0	1509	1	5	2	0	0	9	4	3	0	1	1	4	0	1	3	5	5	13	4	2	0	0	1	0	1	670
47	12797	18042	27433	24021	8155	45924	47374	25760	9161	8834	24123	19031	21938	9186	18720	25404	8742	13761	17625	11688	9818	35327	20035	8295	11438	15886	11146	29502	12792	21339	39296	7720	9677	9751	9495	19749	16369	20842	6062	6279	3735	39727	19920	9750	7253	31669	29328	23610	11736	20964	7187	11753	12009	21494	12865	17741	16274	26563	34951	24898	28320	17363	11302	36274	22058	13309	20782	56490	22765	9332	26419	23760	7710	11120	17568	17470	29702	35691	19069	37576	25667	15727	11564	23400	13809	16728	15666	17781	20003	10382	14881	23193
48	36	93	83	35	91	359	107	19	538	79	84	30	44	40	39	11	54	308	44	264	36	4257	1784	1562	1601	18	28	148	33	28	19	76	34	369	47	13	47	710	28	29	932	41	27	20	43	52	38	78	25	214	29	17	123	38	60	177	31	34	37	101	91	42	45	100	59	22	62	60	79	583	69	53	20	39	246	39	194	50	94	993	53	27	8	87	177	28	91	427	20	50	48	41
49	0	8	16	0	2	14	1	19	6	2	1	0	16	4	7	31	7	0	25	0	1	6	3	28	1969	1	0	7	3	8	5	34	0	797	3	5	10	5	7	11	2	1	325	855	6	2	9	5	4	1	8	9	7	1	4	6	2	4	37	9	10	0	0	5	15	1	31	7	62	3	25	5	3	11	1	2	5	10	6	18	0	42	1	54	0	0	8	5	1	0	5	2
50	47	199	73	22	11	820	860	50	19	18	66	664	130	8	29	10	30	35	730	10	4	973	711	124	18	21	8	445	29	11	16	32	139	14	13	328	49	22	16	14	99	71	9	15	9	163	10	98	379	897	123	18	161	86	13	29	12	14	40	407	66	48	195	49	105	28	254	390	3480	5	29	164	24	26	25	122	15	19	57	434	47	5	9	60	10	45	1036	131	27	40	1	27
51	211	198	374	203	109	409	312	908	108	73	4627	156	521	112	190	1033	149	137	1209	72	252	1316	1153	822	12493	207	108	900	61	392	396	710	461	6744	1637	164	241	126	4676	13120	1436	188	89	83	1672	234	441	283	103	126	376	343	323	205	5793	90	1741	151	423	373	247	1121	661	93	262	96	306	145	118	350	2913	149	99	1217	141	2116	364	4170	144	234	273	242	121	538	87	153	566	216	140	196	104	2223
52	19	76	35	28	6	110	214	8	69	106	38	23	25	9	18	13	13	47	51	14	4	1140	1333	1609	112	14	50	103	9	12	4	50	21	50	110	15	13	292	19	25	688	35	10	17	18	19	16	20	109	76	7	14	55	21	32	14	14	15	28	91	70	38	13	27	29	18	45	102	30	39	95	12	10	23	556	16	126	57	146	320	34	20	6	69	36	8	41	146	8	31	655	29
53	92	102	252	1140	55	588	193	189	48	41	339	117	1162	678	863	2011	4074	250	2268	397	475	84	90	100	198	113	67	330	58	329	101	832	1041	97	1400	68	58	84	2839	2712	27	93	98	96	126	201	226	121	37	151	73	110	96	26	76	44	178	66	226	201	138	2049	65	55	949	43	84	83	47	274	2639	81	147	854	136	4461	135	3689	91	496	526	167	48	83	51	284	1530	158	45	67	330	69
54	40	53	6	2652	42	39	51	464	11	10	65	51	68	4	35	0	12	47	9	13	7	8	53	3	2	15	532	174	29	86	5	10	10	7	16	10	10	9	14	9	3	400	7	3	18	9	4	54	46	58	0	10	2	48	7	52	3	11	7	285	26	70	10	31	12	11	23	23	36	4	131	3	47	4	47	11	2	324	8	37	29	13	5	52	9	3337	6	99	30	4335	3	40
55	0	35	4	28	0	9	4	39	2	22	45	54	11	69	0	0	3	24	3	78	19	28	24	11	68	3	54	25	2	50	42	35	27	106	46	26	0	48	0	4	1	0	2	50	58	71	10	1	2	1	38	2	38	34	17	0	3	131	6	4	52	63	10651	55	8	13	53	26	7	130	72	2	4	6	36	57	0	116	4	33	35	56	16	18	77	4	2	10	0	5	76	77
56	33	502	56	34	12	54	23	26	14	10	99	27	47	19	24	5646	23	51	165	34	76	33	48	61	19	15	27	21	6	28	59	12	32	25	12	7	51	24	23	24	11	44	48	75	23	15	418	4137	113	54	20	20	18	2	8	35	22	24	42	60	14	24	6	1397	39	11	86	11	51	27	18	24	527	80	52	33	1483	15	21	4	35	40	24	30	46	50	227	397	71	27	5	39
57	8	12	31	11	29	0	4	3	6	28	4	2	16	9	8	32	3	6	11	24	14	14	18	32	10	9	2	5	3	1804	2001	13	15	15	3	25	1	4	5	8	2	24	3	12	8	18	26	3	43	14	67	16	12	25	2	20	0	11	10	5	9	4	18	4	2	1505	6	25	11	18	13	8	4	37	5	18	28	12	3	15	27	24	6	12	28	0	2	1	6	31	14	20
58	165	1476	3998	526	128	5790	5165	8119	237	687	1259	477	1848	1126	824	428	133	678	124	708	5368	349	143	148	343	2871	217	5509	314	544	4931	1159	1478	678	74	3343	368	544	78	100	327	504	245	163	450	10407	6062	6245	411	191	754	237	1013	545	472	18569	1737	540	9735	1247	1960	689	33929	1156	2434	8910	262	6785	422	762	200	5499	229	302	93	1661	12879	669	167	3118	304	312	4943	1717	5991	1227	162	5142	222	210	191	14069
