	CL-116	CL-117	CL-118	CL-119	CL-125-12mo-2	CL-127-12mo-2	CL-127-BL-2	CL-128	CL-130	CL-131	CL-134	CL-136	CL-137	CL-139-12mo	CL-139-6mo-2	CL-139-BL-2	CL-141-12mo	CL-141-6mo	CL-141-BL-R2	CL-142-S	CL-144-2	CL-146-12mo	CL-146-6mo	CL-146-BL	CL-147	CL-148-12m-R2	CL-148-6mo-2	CL-148-BL	CL-150	CL-151-12mo	CL-151-BL-R2	CL-152-12mo	CL-152-BL	CL-154-12mo	CL-154-BL	CL-160	CL-161-2	CL-165	CL-166-12mo	CL-166-BL	CL-167	CL-169-12mo	CL-169-6mo-2	CL-169-BL	CL-170	CL-171-12mo	CL-171-6mo	CL-171-BL	CL-172	CL-173-2	CL-175	CL-176-6mo-R2	CL-176-9mo	CL-176-BL-R3	CL-177	HLD-100	HLD-102	HLD-103-2	HLD-104	HLD-111-2	HLD-112	HLD-22-2	HLD-23	HLD-24	HLD-25	HLD-28	HLD-31	HLD-34	HLD-35	HLD-38	HLD-39-2	HLD-43	HLD-44-2	HLD-45	HLD-47	HLD-50-2	HLD-51	HLD-53	HLD-55	HLD-64	HLD-69	HLD-72-2	HLD-74	HLD-77	HLD-80	HLD-84	HLD-85	HLD-86-2	HLD-87	HLD-94	HLD-96-2	HLD-99
0	22656	7898	10913	16975	4298	10214	12303	26201	14511	5063	13451	17098	10559	5721	14153	6904	9826	19623	14337	30266	16176	4014	4477	3114	20675	8870	13779	21538	5047	5264	6337	6745	6210	14719	5769	4361	6914	5939	25328	14141	2652	17792	16201	6043	5836	10116	6046	7547	5477	7689	4231	7164	7391	10596	6898	8386	10615	2113	12958	16776	11311	13782	5221	9308	9883	9190	10529	12049	26366	6975	10229	8829	3942	4188	7236	11011	5612	20536	8622	8413	8803	9244	6974	10611	5015	23500	12571	7869	16072	7299	4749	12193
1	3506	6744	23070	18831	6495	17468	16924	19946	12612	3977	15023	15705	13638	7567	14957	12045	6923	10540	22083	5093	3971	6755	10276	9538	12265	7065	4155	26122	4432	10265	6707	6848	15040	8843	11664	4992	3175	17888	2676	2944	2372	24712	11233	6495	5575	11460	16834	4784	6469	11165	4575	14118	16726	17342	2674	14255	8018	2294	25785	23117	16840	15890	22832	12373	14406	4943	13110	10543	3981	7138	23260	6451	4617	17923	9676	48600	23057	35182	18647	15444	10431	19027	4578	12499	5086	12579	22971	9135	9232	4123	11385	17134
2	2730	7865	8511	19742	6826	10932	8563	16172	2602	2225	10115	7051	4200	3919	13250	11128	13563	19644	12417	2111	4708	4076	4617	4413	6536	5476	9478	14327	3309	6181	5992	2740	2115	6438	5536	3504	2070	9193	1571	1082	1759	12861	13259	3809	1939	13373	7009	4442	5659	14359	4403	5886	7418	18357	1535	22625	7458	1293	10616	13797	11990	10228	3689	4106	4441	8774	11404	5572	27663	2865	8527	16548	3066	1543	11327	6357	16869	12203	4032	11854	9639	8561	3190	13452	4812	18090	13093	8038	11676	37671	6962	8350
3	2262	2087	4472	8057	12777	11372	3120	2686	6057	1358	12652	5120	11557	3066	3465	1418	3605	1575	14037	6885	666	3629	2442	2480	38903	6254	2713	8347	13405	5132	2182	3135	2188	21836	12761	1536	1287	12567	5105	3151	3960	2759	1881	1615	1890	9018	7584	4860	727	7443	838	7709	10826	22413	3425	14605	5946	2607	5483	17226	8294	17382	2487	1292	7651	735	11481	2321	4601	4737	21073	6722	5608	4400	4377	7201	11602	15467	45864	17028	11934	744	4466	9201	7321	7961	7361	2151	5201	2653	3991	2425
4	1976	4859	9389	10921	4260	5867	9304	13564	1676	2931	6215	2550	3885	3286	6167	3764	5195	7701	7408	2478	3218	1858	2081	1950	6350	14243	3583	15143	4528	6701	10212	2356	4206	5357	5861	2521	2899	5304	1343	1424	960	15746	4336	3363	2604	16428	12588	9361	3576	6981	2028	3849	5298	5120	1793	6679	5180	3545	11969	11562	6911	11786	7359	2857	4084	3301	4580	7036	7173	5455	12603	12122	2956	3711	4769	4835	4019	12740	10618	6380	2000	14425	15215	5442	4213	10358	3214	5291	16360	1974	7675	4167
5	1104	2423	5033	6823	2342	4844	5564	7809	3180	2972	6779	2037	8523	4861	7651	15763	1341	1470	4498	1803	4460	1308	2514	3194	3876	5211	5570	7224	1908	4650	4877	3161	5956	2934	4665	2024	3896	3897	1104	1137	2156	8957	6640	3409	3892	8262	6094	4565	4747	7455	3348	2325	2551	3623	2640	4648	4738	15437	5739	6232	6155	4711	9735	12181	8780	8063	4284	3990	7821	2524	7090	7287	1864	4334	2276	9569	4669	13370	4847	4230	1102	10259	4227	5392	1850	7754	3943	2299	9502	1349	2841	5506
6	1693	3874	5012	4497	2972	9043	7269	7437	3300	2844	7864	12497	6650	2294	4114	5578	6167	7553	10049	1825	2151	1984	2503	2387	4458	4193	4855	6937	2921	3213	2805	4628	3619	2874	4380	2952	3563	6818	1094	1553	1608	9585	5646	2693	3519	8080	3522	6069	2624	4939	2153	4490	3364	3547	11130	10656	5100	9120	5354	6586	8115	9288	6526	5379	6086	2432	3824	7209	10034	4718	8809	5401	2469	1876	2399	9670	11292	9261	5361	7697	6845	6538	4076	6478	2593	3994	8448	3624	7346	1729	3724	5536
7	1008	1734	1490	3554	566	5245	2319	1450	587	2176	6086	1008	3040	3266	3522	11820	1927	4447	3251	3016	764	1331	1929	3651	11822	1314	6296	3335	1508	1000	2395	736	2147	10040	9061	1057	1041	6822	2086	2233	1603	7677	767	1068	1188	1067	1359	859	1511	6264	1152	703	1562	1761	7124	2680	6132	10864	1357	2438	6819	3415	1488	3534	3195	6955	1817	885	2442	2251	13032	967	645	3143	4590	4015	1451	7811	5848	9366	5594	6685	1100	5911	1434	1872	2851	2787	2741	2203	3012	13600
8	859	6532	1651	1004	636	2871	5668	5060	1026	881	1721	1017	1810	952	635	892	3302	6063	5227	7892	1663	722	2447	805	4625	2325	1834	9823	478	7506	8228	1172	2944	3995	693	1558	2256	3286	344	371	400	2752	5526	1447	923	4227	2274	3559	1748	2464	802	634	3226	982	579	4173	999	548	1005	9708	7777	4912	10314	13094	1784	2960	1385	6943	742	1072	1369	2213	455	980	728	10572	13510	2643	844	3859	639	9506	1713	4972	3255	525	4121	7100	669	680	999	963
9	825	733	2532	690	429	1820	1028	10323	4092	3678	4974	1551	470	1822	2627	2303	774	2447	284	759	1299	1086	3106	940	514	5760	6496	5753	820	2228	2384	753	1351	917	1383	1870	1004	919	6759	1154	71	1623	574	754	8565	2925	2978	10426	3478	4401	3446	515	1301	902	3486	3943	1129	1067	5311	1276	774	8351	4028	1674	2948	3652	1898	1289	5104	2198	1479	10954	1319	741	967	2197	1984	9025	674	2650	3967	3472	2063	3829	3683	3946	2649	5231	3056	671	431	5085
10	742	4469	12333	5180	2000	6753	5398	5968	1248	1246	2926	1330	1372	1533	2807	3421	1159	967	4089	9897	453	1444	1806	809	803	7621	3986	7368	1469	2625	3696	2628	1965	1050	490	2071	524	1830	409	450	430	8528	2718	1108	727	3245	790	2021	3064	9796	1422	3586	4668	5257	376	1970	1396	487	11084	8693	4995	3909	5655	5263	1460	1088	3244	5541	1222	1013	7300	1926	501	787	654	7457	454	8897	1878	5501	5548	1294	7503	4193	621	3208	3869	4240	2627	830	2317	4621
11	155	1453	3979	466	117	5756	5152	8055	221	659	1237	458	326	392	771	390	127	663	87	666	690	345	133	132	311	2852	193	5479	300	537	4890	1111	1457	639	70	3337	153	529	76	95	325	495	220	147	421	10357	5998	6126	402	110	736	171	927	539	456	18531	1717	517	9698	1025	443	667	33838	1152	312	8869	257	6746	387	747	185	5485	212	289	87	1636	12872	565	166	3080	290	307	4892	277	5950	1225	133	5135	193	202	114	14045
12	546	2424	2191	3257	2532	1756	4871	8288	746	712	2644	7385	835	1940	2134	3528	567	615	2260	544	1034	418	552	497	840	4144	3669	7315	2406	561	554	2043	1856	934	1070	883	8057	2139	311	205	507	12895	5143	2697	563	4036	1628	1746	673	1461	751	3052	1303	5658	1903	2836	1734	315	3853	4687	5459	889	1903	6655	1104	3602	2786	2881	3452	519	6327	4055	1073	383	1305	5586	1750	9499	880	2028	519	1661	2421	3572	1184	1765	3007	2297	1850	660	1414	9217
13	708	2015	6737	10252	3586	1608	7464	3992	18185	3740	1818	12610	3450	5846	9864	11153	1124	598	4878	2674	1449	4296	2735	2227	6490	1258	1830	6385	1019	1685	2933	7283	2659	4934	4980	3297	3953	2425	608	764	840	8746	1227	1050	1593	1371	1470	2509	1482	1270	2361	908	2555	875	987	3178	987	556	6297	6220	1798	3093	694	1936	4492	1555	1022	5055	1975	845	11292	997	2182	874	884	3320	2114	9566	902	3482	2614	1253	1711	2514	714	11966	4719	1993	22794	716	4458	1105
14	2867	1943	886	881	1063	872	5002	2354	4872	470	10298	1015	8949	443	691	355	210	669	663	4987	321	437	444	369	603	3034	818	4295	371	806	437	1195	1548	552	392	349	279	239	5529	12046	222	911	453	258	830	4150	2518	2631	462	456	420	1702	3886	6882	614	18264	3735	411	975	5312	562	1028	628	13335	6551	417	3256	3643	407	7888	1065	2062	296	653	639	6311	851	1182	828	543	432	1368	2003	510	4404	561	611	2602	481	2829	4610	1596
15	1054	2258	6521	5693	2444	10077	6530	2699	1085	1413	5296	6490	4894	2701	6344	7975	1131	1416	5658	7338	3531	1135	1006	974	6025	3065	2433	3113	1864	1664	1089	2280	2379	4592	4472	3819	6976	3312	3207	2598	1202	4933	3066	2086	1626	5013	2353	4671	1488	4669	1417	1070	1815	4542	3258	7064	4097	1491	11320	2925	8882	6832	1576	3859	4647	2132	3117	11618	5618	3174	6230	3308	1816	1462	3464	2231	4133	7318	10146	6234	6123	5223	3039	5805	2981	9572	3211	2592	7188	10083	2751	9693
16	742	1810	3896	5559	1598	8624	7225	6072	643	1612	4670	1187	2033	1785	4283	8276	2316	6829	4610	1098	3575	1516	1588	1124	3064	2362	2235	5042	958	1647	2523	1812	1814	2226	2175	3205	2584	2148	8281	4457	619	6171	4267	1659	1638	4210	3349	5161	2148	4079	1301	930	1246	1005	1585	2671	3229	9676	4797	4034	3183	4163	2568	2239	2048	3927	1686	9470	7060	1947	4208	3058	1075	3575	2448	3719	2835	6859	3360	5126	2525	4519	2350	3240	3739	5301	3746	2032	5603	917	2034	6728
17	628	4643	4934	1012	329	2068	1451	3728	628	517	3884	5402	1215	639	780	392	405	688	4809	629	469	762	559	304	1392	712	948	6038	616	4198	1226	398	626	1315	864	577	782	1422	293	308	282	3585	1244	779	385	8388	5353	8232	741	2781	559	853	2175	2083	215	2586	3784	345	5059	6997	2266	6749	1588	17279	900	562	1396	1306	1702	3706	3277	6331	539	398	3558	1086	2054	3236	547	2088	600	1013	925	1791	2570	850	1876	6115	1548	532	2856	8932
18	314	726	396	3057	269	539	5261	220	401	468	3246	483	355	724	2268	1025	470	428	765	59	85	16271	23467	16900	1065	209	19	206	372	5837	805	762	233	187	136	3485	342	245	234	358	8751	1209	155	497	798	186	298	822	2913	11634	625	279	319	6492	466	11584	1000	224	225	269	2151	337	79	249	256	615	18497	54	10230	171	178	219	315	594	300	522	260	309	277	161	805	202	53	4519	101	2721	924	833	213	938	102	779
19	604	1608	1316	3142	648	6672	2745	2431	688	925	6158	1705	836	2380	3292	5248	951	1709	1866	702	738	794	1270	487	823	2083	2013	2016	745	1128	1995	697	1371	702	1843	1630	736	2372	480	304	582	4839	5702	1535	953	4516	1785	1359	1187	2604	903	878	1108	1940	699	2730	7237	460	1546	2163	1854	1737	1956	1951	904	2206	1925	4220	2787	840	3235	2863	577	436	3068	1709	597	4415	5997	4453	4088	5301	1920	1694	1712	1246	1744	1464	1689	4954	1753	6417
20	338	822	10479	357	299	1557	4167	312	202	1609	433	398	518	569	210	461	12762	25871	13046	368	74	987	1608	2112	363	355	162	471	284	3191	6612	233	143	730	178	1780	247	3368	171	208	1872	895	186	472	172	2593	264	453	4147	1858	3081	488	185	935	154	295	138	203	5492	391	1286	7439	78	234	564	485	4024	157	303	899	491	4964	138	445	1184	206	6051	233	692	4551	609	198	73	1277	783	250	7861	860	16363	379	316	556
21	592	1558	2687	2804	459	2535	3130	1888	854	807	1612	1367	2867	1471	2089	2538	888	2968	1617	733	2483	733	689	748	1308	1674	1290	3556	639	855	1992	1078	947	974	1585	1636	746	2344	1042	761	384	2870	1622	823	982	2047	912	1595	1017	1477	640	955	1693	1353	1473	1269	1070	9516	3930	2981	3684	2305	1685	1502	2781	1292	1292	4089	3486	1485	2613	1820	583	748	1604	2041	2332	2999	2821	2942	6183	3016	1539	3216	1791	1765	1265	1835	1327	549	1272	4523
22	424	2933	812	2671	343	3281	7204	536	495	1668	2083	1052	3357	1461	1065	410	648	545	1732	1531	437	5555	8009	4046	405	677	301	1109	357	3256	4653	623	862	399	793	2468	1152	1867	257	330	850	1241	268	562	623	1089	519	1315	784	800	627	1315	935	2050	461	1315	1442	435	1027	1703	736	1110	2168	5400	3131	1036	1634	9707	395	560	1134	832	423	717	981	755	1887	2000	525	2448	3335	6536	547	630	6034	3623	1622	2644	1524	582	1097	2554
23	322	612	2016	1489	692	1204	3179	4624	4136	2080	4047	797	852	876	1254	1138	396	524	1572	520	911	929	1190	1324	477	2620	2470	4109	707	1305	2398	1861	1507	366	1080	606	564	1171	5945	4078	495	2684	409	506	659	4182	1219	1628	1332	601	855	1111	1332	1773	2390	1740	3513	5608	2722	3500	3552	1367	2035	5395	898	1710	1228	1884	474	1288	2936	3260	502	759	927	4004	1906	3406	3675	1229	815	3329	2140	2841	1366	358	1414	612	306	505	2179	2596
24	819	3960	1682	3146	504	3213	1320	1518	1476	462	1785	4318	5715	466	845	539	1032	764	4383	1285	430	977	1214	541	3562	9026	315	3371	1078	3120	1424	769	1277	2448	3076	730	574	7176	2251	575	451	1173	801	546	575	7382	5434	2385	339	1408	345	3672	4570	398	674	1891	1578	1752	1776	6620	4674	4245	1448	625	4045	508	581	1022	1274	3658	4600	3014	1552	14971	7662	2790	3246	2551	6524	9014	12222	1171	10737	4532	6541	3714	3163	4587	2395	570	3512	1321
25	616	3005	3136	4566	1613	1785	1843	1556	453	1004	2362	789	1072	1539	2763	3112	996	1735	2272	541	471	867	799	810	5048	656	337	1742	613	1088	1776	653	4240	3686	789	824	601	1360	531	427	2857	3773	1226	640	517	3058	995	853	3161	1193	2018	522	939	1365	1051	1808	2059	4568	4341	1100	3407	1969	3881	2057	1054	1563	1773	1578	6549	631	3118	3468	486	650	1308	4112	681	3563	4487	1547	520	1221	681	3290	580	3229	2052	2924	493	662	1179	5871
26	3440	582	1142	4240	350	853	781	893	3498	347	1066	2353	3102	1549	5055	534	513	871	2408	17613	517	379	470	397	3159	498	369	1392	287	860	390	607	1298	2863	992	565	518	526	7894	8825	1000	702	392	274	1894	938	587	786	279	426	733	730	668	464	1650	405	365	464	805	1120	1118	1631	913	245	3056	681	628	985	849	589	1403	443	616	2703	413	2110	777	2145	968	590	2349	344	443	772	535	10631	2091	426	2879	1709	424	739
27	211	198	374	203	109	409	312	908	108	73	4627	156	521	112	190	1033	149	137	1209	72	252	1316	1153	822	12493	207	108	900	61	392	396	710	461	6744	1637	164	241	126	4676	13120	1436	188	89	83	1672	234	441	283	103	126	376	343	323	205	5793	90	1741	151	423	373	247	1121	661	93	262	96	306	145	118	350	2913	149	99	1217	141	2116	364	4170	144	234	273	242	121	538	87	153	566	216	140	196	104	2223
28	201	93	4313	167	187	1427	3352	276	261	393	430	439	2868	145	237	400	182	368	428	279	379	142	112	278	173	206	98	237	142	3067	2104	123	119	220	54	571	257	1387	125	214	39	352	188	220	112	3966	8780	8310	320	268	144	239	263	194	111	316	241	84	6780	254	583	159	121	5827	2937	99	257	2971	291	346	258	1925	129	358	4570	113	11096	255	194	1449	230	868	215	551	306	173	231	67	238	199	218	242
29	161	249	608	1888	201	758	1870	1753	234	189	768	1697	366	6703	1918	978	298	264	772	561	1054	321	176	490	10217	1911	614	917	612	444	263	582	734	6787	592	986	285	712	235	210	161	479	140	310	163	1641	392	315	371	600	554	487	390	1683	230	1044	450	177	893	1281	3348	667	561	190	231	180	1191	270	2106	638	1041	1777	275	237	749	748	480	1514	3202	791	613	109	1193	3633	309	1320	499	319	1934	237	290	276
30	274	2501	966	580	223	2059	1969	753	1070	318	1901	389	515	788	282	125	259	358	2064	245	191	579	413	215	239	262	335	493	213	447	969	270	712	234	643	633	227	727	127	113	220	1017	212	174	144	901	342	412	394	1722	641	439	386	754	137	756	2365	170	1073	496	1002	3337	883	2843	571	3211	610	2450	243	187	1284	803	213	189	1030	1316	1001	933	8177	1414	4666	1759	381	724	224	867	754	2376	1249	233	414	6217
31	334	696	970	1221	551	1399	1292	1772	600	568	1663	507	847	1093	748	883	1338	5315	1884	387	474	536	680	469	859	964	417	1640	601	1102	904	392	1028	642	706	583	741	1074	201	198	393	2562	1711	839	724	2032	414	726	900	1700	672	393	522	1092	348	1110	1099	1915	967	990	2445	1931	967	2091	892	1212	1339	715	2964	492	1430	2190	341	314	683	1302	677	2917	1322	1409	565	1329	879	1948	789	794	1707	672	3619	414	594	1246
32	466	3922	3099	941	209	581	10715	459	184	358	637	294	352	245	229	701	241	469	1834	444	194	1571	6830	470	348	505	110	1445	180	4059	1413	491	253	294	197	6299	322	475	109	116	196	4922	1718	956	451	745	315	644	375	322	214	528	476	223	274	199	123	193	2728	1153	14176	335	268	957	316	303	546	357	506	242	801	622	251	336	289	532	453	5238	407	711	4188	4512	124	10553	8654	429	2812	5008	216	380	1217	450
33	357	569	2462	2447	269	1885	2039	1148	409	403	883	772	1103	1037	1712	1423	531	2049	2175	365	646	988	940	1050	1633	467	1028	1451	564	680	964	426	411	1055	1739	318	1422	2093	183	279	309	917	979	477	367	557	1140	695	463	2927	1242	325	544	1423	362	360	411	325	3130	1022	1844	1005	1594	1226	1173	340	1074	1226	1329	418	2228	372	705	376	435	990	491	1425	2063	1941	298	321	261	1264	1672	863	2720	592	2469	273	2489	340
34	119	3001	383	283	168	5902	7388	375	215	1109	1290	129	1029	170	238	236	378	178	539	125	99	4234	4140	539	241	462	98	277	249	588	632	152	445	181	339	3799	435	702	86	114	144	620	180	162	392	1432	629	372	331	129	211	266	161	491	198	162	1615	154	391	490	303	115	241	334	1154	262	896	13918	282	82	189	843	615	261	133	146	1119	651	1073	3003	117	71	296	197	1046	520	358	2460	112	177	239	457
35	237	58	579	1317	97	3612	292	80	61	282	191	102	216	86	93	61	270	153	194	48	25	228	47	79	223	249	77	271	1402	64	89	232	38	72	221	41	139	4052	50	68	17093	425	551	450	173	4643	151	286	38	194	31	103	95	25	87	105	35	41	72	424	5214	36	27	68	117	33	87	101	558	275	209	5966	852	59	40	111	220	247	381	2936	106	65	16	3497	254	1066	526	47	33	73	900	137
36	233	1481	355	4757	120	1023	2070	5080	208	339	429	307	749	552	5388	1512	1315	1217	296	189	123	1155	2685	854	1223	369	2246	3378	164	720	542	447	249	827	1702	252	129	3150	283	141	128	1914	1321	238	214	315	276	270	184	265	136	1490	2061	225	144	251	165	822	413	6145	1953	254	207	253	632	987	462	1213	230	332	1736	265	127	235	181	317	5577	2022	168	3459	225	3191	144	1930	240	226	243	1697	177	159	832	2139
37	104	101	292	235	95	323	175	74	15	118	941	193	182	17	6	164	1105	598	18102	224	90	273	26	256	176	12	125	610	98	84	195	105	167	90	112	19	9	24	80	1059	114	222	70	218	20108	191	103	83	73	277	11	135	165	102	1220	6	10	50	100	282	248	16616	115	12	421	96	5	97	59	125	477	70	15	244	531	250	176	232	379	420	97	91	76	6	233	11	14491	110	75	8	727	80
38	789	3231	2437	3747	1913	4224	4938	1323	7079	2349	2418	4082	2066	1150	1534	513	1025	961	2580	807	387	1969	2058	1245	2510	3134	2438	6938	3054	3284	1894	928	2059	2529	1496	1197	1024	5754	533	490	553	2871	6276	1779	658	2348	1932	1238	2543	6017	933	3888	5224	8033	556	1696	1248	445	3204	8874	2853	3334	819	985	1797	969	3995	3398	3622	1741	2743	2182	2015	626	800	3733	3445	2384	1942	6992	10483	1904	1952	2166	7342	3145	2711	3910	3000	1007	3416	1237
39	80	59	998	2551	48	1620	506	160	81	95	199	2184	153	1113	1352	1678	99	83	1421	130	533	58	66	70	619	183	29	102	1322	41	111	67	43	1472	47	143	93	975	34	58	28	435	31	112	86	992	1420	269	119	116	33	77	46	30	1413	85	47	4375	1692	67	1134	3061	93	151	81	25	99	599	206	161	323	786	92	414	678	43	1339	194	138	2781	3003	81	64	1015	66	1212	108	71	4620	45	35	108
40	425	1641	767	4277	379	1582	2143	655	375	625	1003	466	482	372	4881	469	274	455	1377	349	249	495	497	296	599	3701	207	924	359	1180	1857	378	424	461	534	677	379	1053	1433	603	240	1571	2702	600	334	1280	585	701	621	1211	418	553	591	1627	211	1160	747	253	749	893	1435	2178	886	3681	433	1458	1290	1605	2757	452	824	991	433	255	1409	595	2490	1352	8773	1362	5250	1260	3970	976	978	1665	817	1763	343	1499	607	3241
41	255	955	859	1201	812	747	1377	1247	152	267	1659	248	839	451	754	1179	264	930	889	2202	302	403	329	128	235	234	611	1345	1264	1156	647	227	418	314	160	514	394	810	124	133	96	1119	1410	386	247	914	881	539	493	918	173	239	426	764	244	906	1377	166	1051	1106	1654	1349	442	2883	766	231	451	702	419	1170	367	460	348	146	1555	479	1636	1101	720	911	1704	1342	179	1277	310	1466	684	1206	3194	491	887	312
42	324	135	1276	533	271	1641	2535	242	330	274	1578	341	355	259	504	131	295	282	609	160	96	183	192	187	1112	413	101	405	1263	2216	770	201	134	785	807	336	211	1764	111	162	108	860	634	365	217	2704	553	295	318	1679	1341	308	411	750	174	1581	966	147	1218	596	1741	696	109	1473	396	563	514	1819	676	279	1069	3147	135	135	1007	221	1036	1155	2133	1999	177	303	160	1336	420	203	468	164	169	214	1223	250
43	27	878	18	7	93	14	398	29	3	280	31	76	5559	20	67	43	8	6	22	13	24	4385	2084	126	21	18	5	1	12	2999	6761	21	41	46	85	279	33	48	5	10	2	39	82	22	18	6	33	14	48	36	14	57	31	153	6	85	29	24	14	46	23	14	76	12606	6143	8	160	9	13	21	102	10	33	26	42	86	7	133	23	12	72	1411	52	12	48	13	30	213	9	35	43	26
44	135	110	506	1249	192	556	356	1121	83	100	926	421	5972	189	505	197	183	178	1049	993	85	356	392	136	1382	2197	266	895	969	569	211	246	370	966	906	202	195	1438	710	471	116	267	129	103	205	951	1122	308	255	1121	86	358	240	91	236	1496	501	1672	716	765	1278	1598	1553	146	3560	89	171	184	538	16697	1254	493	724	1587	3403	1123	1051	524	253	1701	3095	156	2038	792	841	1477	502	196	1052	235	346	240
45	122	58	568	180	110	122	733	77	92	5690	205	139	90	71	72	106	65	164	101	69	63	1167	3893	3400	161	133	42	118	90	2608	2172	151	137	100	54	142	190	74	90	122	2059	748	58	91	74	134	131	142	8034	145	5524	183	88	366	82	95	60	175	131	156	162	290	127	112	66	648	1420	81	126	4109	163	82	46	160	145	146	151	77	73	100	137	121	26	213	97	79	98	144	87	192	97	156
46	118	552	791	1392	124	3431	1053	360	141	465	119	133	3497	88	227	101	810	112	429	134	116	1975	1034	211	166	90	83	392	87	1268	702	175	143	159	199	153	128	3741	52	78	1804	309	3192	119	232	380	97	213	3753	290	155	199	171	619	109	531	60	69	620	481	281	311	558	144	3597	531	468	1050	484	122	316	224	123	159	132	232	539	567	222	3885	226	1930	97	173	1825	1719	408	527	116	133	1120	170
47	201	823	645	1918	323	693	1500	939	994	223	1088	1638	755	334	848	750	591	681	935	264	666	285	342	520	1747	653	341	1165	385	637	513	344	1169	1266	323	663	229	768	1391	758	147	2771	1328	489	533	1710	785	466	640	2277	391	412	618	942	498	778	612	243	978	1375	1065	1042	335	796	672	348	998	509	2698	944	1934	1789	345	221	1149	1963	1748	2656	731	928	3521	548	501	922	1244	1692	865	946	4060	211	860	312
48	216	118	993	717	148	1314	946	1021	128	829	1360	222	322	161	839	749	163	218	1054	169	96	2800	2365	1086	127	267	57	1488	2118	1082	1662	221	138	153	95	385	147	381	87	124	143	1956	104	136	187	1317	336	388	500	1114	178	152	430	357	158	506	574	103	1354	777	942	1569	130	278	336	221	812	479	2136	179	1439	651	580	164	792	188	1163	1480	678	811	1792	534	111	985	1280	188	693	131	1785	176	263	242
49	213	211	763	1537	185	695	656	949	1293	323	770	491	229	1393	1304	354	199	172	1115	246	335	359	383	468	1306	725	960	869	626	500	238	551	745	921	1104	279	391	881	186	290	279	621	286	396	1176	1107	364	264	341	1080	333	478	474	815	722	373	498	172	942	1062	1074	237	437	187	258	170	539	318	1238	888	1440	1150	168	185	425	2303	443	1744	1853	813	609	207	391	995	228	854	1630	221	785	166	416	197
50	56	574	526	1196	55	296	110	314	69	54	975	748	865	62	56	56	1137	112	727	240	42	60	77	33	344	722	23	1125	76	2246	735	41	74	245	324	64	119	696	32	66	88	387	148	77	113	1116	1049	558	64	120	37	79	437	46	105	3902	468	44	947	1094	291	1098	109	92	563	139	59	118	1996	474	522	447	80	61	1446	47	1502	397	85	920	1479	138	806	266	50	1616	397	483	1008	86	34	108
51	92	102	252	1140	55	588	193	189	48	41	339	117	1162	678	863	2011	4074	250	2268	397	475	84	90	100	198	113	67	330	58	329	101	832	1041	97	1400	68	58	84	2839	2712	27	93	98	96	126	201	226	121	37	151	73	110	96	26	76	44	178	66	226	201	138	2049	65	55	949	43	84	83	47	274	2639	81	147	854	136	4461	135	3689	91	496	526	167	48	83	51	284	1530	158	45	67	330	69
52	93	395	210	116	78	122	160	94	154	440	188	175	149	110	105	260	611	1411	171	123	214	3508	2854	268	122	66	114	94	76	2579	1379	622	142	119	62	115	934	134	85	191	63	185	113	207	102	291	477	181	935	191	254	129	88	1570	179	158	117	120	217	89	225	88	163	173	121	4752	2930	100	108	155	87	253	164	235	298	129	8600	128	207	146	159	310	130	258	282	122	64	305	136	176	5487	169
53	186	465	506	571	185	307	301	1818	395	54	988	2056	974	846	410	117	481	1242	755	164	289	120	248	152	484	898	561	1244	124	417	432	194	270	369	683	247	158	415	1270	766	90	375	79	135	554	261	154	250	191	301	353	315	251	264	3274	341	727	1334	710	697	359	894	622	234	875	305	249	214	1748	429	970	199	200	807	278	829	283	1482	201	416	3333	354	669	329	170	461	676	444	155	165	191	1079
54	92	287	280	1591	29	849	257	68	637	65	150	262	129	77	413	152	377	86	2077	18	13	43	95	65	240	962	21	618	27	732	269	57	24	133	504	106	80	501	31	32	469	152	141	87	68	94	29	82	21	3430	36	653	1696	104	63	494	107	90	370	2349	2382	1126	23	90	137	36	201	178	780	268	864	93	484	89	1235	86	456	1000	200	981	2273	228	901	2591	840	1435	2181	152	198	69	346	56
55	48	3013	504	47	79	61	98	73	80	122	123	73	1025	66	58	54	146	266	1104	72	45	188	226	76	1330	57	23	69	75	457	586	44	1214	1501	133	105	67	530	36	84	8	100	103	64	324	522	59	89	193	4169	124	63	84	94	117	134	63	126	59	110	86	3858	104	80	2411	61	144	102	215	107	120	2115	57	161	118	1297	2009	210	55	657	65	18	38	72	2701	95	116	2313	104	79	45	82
56	189	168	704	2088	206	805	717	1618	188	221	1195	302	710	1077	986	457	1176	1923	924	230	320	143	242	220	248	326	497	1329	436	287	252	547	290	205	426	203	221	702	2117	1636	133	1346	716	482	239	1372	347	353	579	420	389	302	233	279	176	486	736	2750	800	1101	1108	776	407	1710	702	405	298	460	325	482	519	1593	231	545	766	1034	267	1658	3950	671	180	518	156	920	316	1523	927	232	1963	239	398	378
57	106	1059	229	59	75	222	2935	1446	79	291	2769	132	994	69	138	22	1283	2322	532	30	35	3378	2096	599	153	172	784	587	112	28	24	110	214	71	1317	1805	100	238	82	157	93	317	90	67	256	81	90	143	527	167	117	137	102	62	194	105	1239	100	164	1119	148	331	63	81	1038	69	110	8030	100	53	1320	164	129	129	112	87	84	369	226	187	111	26	129	147	72	290	407	808	77	110	52	125
59	266	556	355	1959	163	1014	1621	488	122	235	2309	248	978	151	594	775	218	297	1228	137	153	671	397	168	137	289	97	354	130	840	2661	114	194	115	134	978	153	446	92	126	78	523	251	202	182	606	1371	793	596	2419	160	194	138	988	159	1308	2389	147	401	277	1120	2025	181	873	896	262	2189	2812	233	173	229	358	250	164	919	179	933	407	543	709	234	586	271	811	613	1846	300	623	197	362	536	527
60	191	418	557	757	409	835	253	298	168	126	1460	286	134	695	621	133	304	1071	741	1507	79	248	454	477	1175	132	80	248	264	2049	311	236	167	845	191	158	161	1244	113	111	100	304	95	138	231	229	115	262	873	269	150	118	100	1528	178	224	654	301	503	174	586	705	486	172	162	142	935	211	301	142	283	177	229	298	3597	415	409	255	1829	1282	572	270	80	436	2398	346	601	497	247	7965	760	368
61	95	266	162	190	90	649	1219	1126	382	242	264	463	108	166	163	299	91	166	1064	1218	574	68	133	141	84	356	177	206	92	108	177	92	274	158	323	143	136	128	73	39	75	2641	632	400	283	818	1165	685	178	187	194	118	515	240	97	873	513	3003	229	543	631	859	752	999	221	1357	133	522	431	414	414	303	131	74	230	215	374	900	325	155	337	1129	170	342	667	205	166	314	112	136	319	1176
62	26	1787	74	89	14	144	34	49	13	41	61	46	24	42	109	62	19	43	19	18	2	399	510	4	2925	597	17	53	28	1530	446	35	335	344	650	46	46	54	13	19	1098	63	95	70	49	54	48	58	30	42	48	15	46	4527	41	30	73	20	23	38	715	46	1274	25	19	13	3354	35	9112	36	1212	40	202	12	23	302	21	73	84	57	48	38	621	460	16	44	67	328	41	48	21	66
63	104	37	112	2099	119	169	166	82	105	32	98	148	371	93	29	42	9794	193	5469	27	31	43	64	98	110	81	51	235	164	70	24	27	23	44	94	95	297	123	41	33	85	241	712	368	44	1384	72	91	11	1835	39	48	58	13	62	41	73	103	55	147	90	3072	35	67	353	113	39	24	283	92	168	1957	200	94	295	106	112	209	325	705	66	46	10	68	85	3155	4462	150	32	40	794	65
64	222	213	875	695	114	554	1493	106	369	235	156	191	705	71	132	207	94	150	1058	311	110	1991	1516	576	588	449	108	251	138	491	1582	185	147	444	175	252	177	131	146	221	3756	395	48	140	137	225	190	670	230	209	100	611	463	974	126	332	83	113	809	730	345	1049	144	200	589	117	514	1447	182	135	327	179	112	1564	115	253	854	284	206	322	478	590	352	267	1520	893	840	225	1393	1644	235	588
65	97	102	219	17	37	18535	3556	305	43	239	125	104	156	40	131	16	164	125	185	48	4	58	62	38	77	221	161	81	28	1103	1065	109	112	73	123	2062	166	181	25	23	80	300	51	43	119	96	48	184	99	126	49	130	30	22	33	77	75	30	206	242	145	78	23	4210	85	6	96	9097	181	66	150	114	47	47	111	22	18	258	237	8504	100	22	64	207	17	233	120	39	92	102	30	111
66	96	394	223	547	108	2139	1359	525	66	167	1186	99	220	83	593	5658	85	115	192	134	129	1367	625	434	78	182	87	479	259	86	1850	97	111	92	50	842	106	133	61	78	60	232	90	181	86	1099	1422	1003	193	1207	99	190	176	576	81	661	1484	74	321	280	418	70	335	1168	190	113	1052	1703	272	119	91	566	233	156	132	118	148	202	537	1029	118	906	152	392	1184	103	262	382	280	95	400	109
67	58	619	256	441	49	973	1248	845	67	127	702	211	304	206	537	885	106	87	323	79	51	74	96	57	282	549	198	628	212	65	81	93	386	183	274	525	73	265	60	50	59	1735	674	221	102	112	59	85	81	596	101	175	175	417	51	118	581	2104	490	409	446	129	1053	69	392	643	261	2120	648	175	1232	75	59	531	183	338	421	1312	736	715	585	51	551	441	84	373	390	522	905	1386	89	783
68	117	319	125	3623	93	167	1052	114	82	170	327	137	252	346	4285	460	91	162	38	89	51	126	143	67	334	263	87	396	140	489	191	50	82	249	423	530	75	2650	114	39	73	307	65	179	66	2050	337	391	1454	2331	194	41	151	1039	117	126	118	79	77	204	332	184	71	263	239	83	2143	64	248	137	493	1032	449	57	137	149	313	103	112	3507	166	253	109	199	121	116	83	315	102	105	121	984
69	65	348	140	721	531	135	197	88	61	35	283	93	3738	73	761	250	603	1155	482	488	310	92	150	97	130	245	128	209	156	121	74	152	360	114	88	134	653	75	134	290	24	153	110	63	223	106	148	147	82	152	96	120	114	129	1690	62	201	3676	159	175	400	270	220	115	1392	639	57	184	117	221	106	147	130	2863	65	438	144	178	87	71	420	143	264	158	86	988	335	431	111	1856	61	201
70	105	322	482	504	185	954	1149	1079	134	175	1323	1043	723	189	593	1447	140	160	684	136	88	352	397	566	282	169	297	880	116	646	752	126	120	202	366	411	109	715	75	97	98	226	73	111	160	1229	400	394	569	531	186	136	145	155	381	1169	1244	104	531	452	428	1061	261	97	726	374	284	1305	163	457	432	848	203	110	425	125	586	258	655	892	542	299	172	468	364	177	206	226	642	109	392	449
71	43	193	97	89	61	208	54	374	42	13	1039	91	48	45	39	11	7469	161	3693	21	4	23	35	48	51	282	1265	267	108	689	48	45	46	25	64	47	54	75	38	50	51	68	117	111	37	1684	41	83	24	6693	33	39	38	41	64	19	437	59	43	326	87	2140	38	61	74	25	26	43	1825	60	52	2168	53	50	296	53	83	64	363	599	59	15	170	70	89	110	3273	136	23	39	4022	53
72	6022	337	309	2827	736	288	638	391	180	363	2251	434	1194	855	2854	1017	209	481	201	687	1135	130	190	198	531	558	239	365	794	246	252	122	155	402	384	196	635	428	1712	3972	51	530	156	177	541	2264	1299	806	365	729	252	485	221	1134	1784	446	1708	205	251	438	267	230	359	214	961	1688	738	293	304	271	727	2192	256	395	235	407	920	843	189	487	214	517	265	276	202	2166	311	183	237	686	152	288
73	111	332	140	170	46	783	124	625	81	25	558	1020	101	63	59	25	147	129	180	53	18	170	38	51	1180	442	796	365	98	75	31	63	35	801	1580	48	27	2732	80	72	39	107	21	45	100	1602	35	88	38	61	53	81	49	50	607	30	548	49	157	514	638	48	34	129	77	28	43	88	178	107	2604	2162	56	357	20	38	2503	2118	76	3110	24	28	183	277	124	66	174	237	58	11	42	124
74	25	50	465	116	17	334	125	505	21	28	269	86	29	16	44	36	19	37	469	55	33	33	41	41	59	2829	31	404	25	65	92	42	88	45	112	48	28	698	23	33	19	47	26	29	48	134	376	139	58	215	22	511	514	41	41	52	207	4628	1106	813	52	819	199	55	50	79	60	86	169	341	96	66	37	97	684	416	177	34	43	909	1291	22	3538	51	480	135	71	31	54	26	87	433
75	72	78	258	416	152	185	177	64	224	74	103	149	2042	59	127	90	80	25	1057	34	32	154	52	103	110	289	48	349	252	162	42	118	50	68	82	67	231	48	43	64	132	91	131	59	39	389	162	612	36	68	30	184	1987	2494	90	150	44	85	186	2608	117	975	50	37	1401	21	1420	117	140	97	146	170	503	192	269	136	338	147	10132	74	216	25	155	32	36	409	611	92	429	115	304	96
76	95	84	119	21	6	84	34	17	14	82	65	41	65	6	9	33	12	36	35	0	46	15857	4343	828	73	27	1	8	82	47	6	87	47	99	52	9	46	118	50	124	61	24	12	2	88	26	103	77	28	27	5	38	43	25	119	33	5	10	66	52	179	50	55	21	46	79	83	3	67	40	46	8	102	129	22	101	71	10	49	2	78	4	0	58	34	51	60	102	26	72	4	196
77	88	488	304	266	56	1234	1328	278	96	155	141	150	90	82	83	47	484	297	612	79	52	410	954	86	491	165	232	1262	312	47	108	75	145	321	731	697	83	2683	72	94	46	1060	53	201	173	176	86	115	196	1667	67	754	1076	851	108	78	59	98	400	1599	216	827	76	201	160	98	402	2445	149	102	1445	132	354	115	802	190	145	684	123	2539	91	158	127	128	1433	157	210	742	59	70	215	256
78	19	0	0	0	140	21	0	13	10	0	23	43	13	0	23	1	0	46	0	0	6	6	31	15	0	0	0	0	0	139	0	0	0	6	0	0	7	0	17	0	0	23	10	0	15	0	5	26	11	45	0	10	0	95	5	24	5	34	0	0	0	27	10	18	12	6	23	9	38	0	1	0	0	16	43	54	0	0	10	0	22	10	0	38	8	24	0	0	16	22445	0	39
79	93	19	127	178	102	4086	112	266	79	73	4515	92	263	67	103	39	78	90	45	24	36	72	95	27	4	171	65	80	21	374	383	128	16	35	22	56	103	72	20	39	78	176	96	48	105	111	96	164	79	72	51	36	50	14	66	8129	3619	29	73	70	2744	56	29	943	230	28	105	60	161	211	87	100	809	6	100	78	36	99	192	2164	55	68	156	1872	35	108	106	29	89	122	17	115
80	45	51	1597	235	20	1134	148	115	284	58	642	6907	91	17	48	57	82	120	308	27	123	66	75	109	2768	145	14	1116	26	62	34	78	44	1303	20	59	67	577	39	61	34	118	181	98	58	145	75	67	24	145	17	68	438	34	180	352	632	14	4186	1100	342	74	18	68	41	62	76	446	370	98	79	124	19	85	73	46	1898	104	42	892	63	13	142	593	43	365	323	49	40	69	29	58
81	781	57	50	3319	17	68	136	116	22	108	95	2631	56	5	36	36	3	31	12	40	38	5949	50	8	361	3779	22	40	35	1543	1173	22	14	96	293	26	32	14	3	42	195	81	10	7	25	69	20	33	52	32	131	17	17	48	29	21	115	8	65	31	72	61	33	25	14	38	105	77	78	10	557	2	83	31	34	43	13	30	75	64	63	19	4376	31	24	3589	29	54	33	58	24	55
82	51	90	99	125	20	110	3827	8	42	203	337	28	27	38	7	34	27	14	13	75	51	8852	3550	45	38	82	20	44	52	21	280	78	67	49	38	2923	57	52	20	203	54	33	28	38	5667	116	20	62	47	39	470	116	9	50	375	27	12	51	15	69	170	29	59	5	35	92	127	31	90	19	40	51	75	90	18	165	32	65	97	56	155	26	32	37	85	32	90	94	39	41	50	46
83	44	302	185	1891	39	204	199	631	922	26	492	91	62	176	93	252	19	69	29	30	14	23	50	19	39	29	26	618	48	89	110	26	29	33	15	91	39	84	9	29	13	805	84	60	25	217	149	204	47	47	39	131	213	1065	27	295	269	26	321	348	513	84	41	4238	58	19	694	255	36	39	770	115	105	12	52	68	26	460	29	164	1229	29	29	414	27	1806	41	569	382	61	91	159
84	1166	170	123	997	92	143	144	129	26	33	182	81	3134	188	819	121	26	57	238	192	148	42	77	61	93	499	3	200	20	195	956	18	139	48	74	92	31	43	52	38	16	143	191	43	79	74	76	76	78	98	28	97	92	67	247	187	178	1775	60	146	80	319	140	175	3052	126	53	133	82	76	239	53	92	718	86	224	76	273	1125	89	57	58	455	55	357	162	169	120	187	2517	56	60
85	91	224	617	332	471	708	698	786	109	121	182	134	170	128	115	130	94	76	748	96	590	63	79	91	539	256	104	868	136	531	577	115	123	342	568	130	302	270	62	62	61	441	222	182	190	639	232	402	149	310	105	114	306	510	189	339	106	59	829	777	259	450	183	147	148	1109	292	686	310	206	652	524	121	113	280	485	683	429	1059	513	260	992	145	198	87	270	790	198	609	84	381	83
86	0	8	19	1	0	5437	1862	28	0	70	1	1	4	0	2	0	1	0	14	1	0	5	4	1	1	15	4	5	0	0	0	6	8	5	3	1422	3	2	1	2	3	28	1	2	19	6	4	3	0	1	1	0	0	4	2	3	7	1	49	41	11	0	0	2	4	0	0	7135	6	0	13	12	2	3	0	0	0	47	49	3168	1	0	26	1	0	27	6	0	0	2	0	4
87	197	1950	889	1846	200	218	521	170	180	203	245	208	233	167	344	167	502	905	1042	157	163	187	232	191	947	160	119	284	182	239	274	109	271	627	159	164	475	313	107	154	352	286	131	180	153	998	1073	241	213	639	210	353	304	1503	146	219	141	3021	1245	467	240	1105	556	300	196	754	1118	289	621	207	287	718	175	717	368	191	1365	391	896	337	127	622	106	281	641	1819	753	1671	1090	198	641	370
88	103	306	781	704	153	1129	879	654	138	125	1042	184	259	145	247	435	148	163	378	119	181	814	1888	441	307	227	626	399	300	1542	854	173	139	223	102	191	208	1362	104	133	65	433	204	136	166	754	1071	316	158	516	95	198	193	1991	131	835	858	155	922	588	2057	404	208	176	218	281	1347	514	649	2011	382	451	178	490	276	152	1994	355	716	1727	96	294	109	1783	679	387	317	435	101	189	1185	153
89	139	94	45	153	76	70	5803	147	57	178	150	71	50	55	42	37	83	104	3652	77	40	791	468	1283	874	93	18	156	113	3800	1611	58	41	573	2244	3107	51	153	45	84	20	114	33	53	47	87	49	585	66	1145	54	126	49	56	91	48	27	101	31	137	100	7050	75	45	84	41	116	50	38	114	2159	44	126	68	65	153	38	130	50	177	276	14	15	57	30	122	328	56	87	94	30	103
90	2543	88	99	656	19	3105	174	74	8	25	84	87	962	57	616	26	40	161	208	1330	72	42	45	23	1299	63	42	68	14	47	19	51	96	595	56	101	57	43	80	300	21	92	10	6	52	63	47	70	61	41	30	45	48	24	17	45	41	544	67	83	68	163	145	41	533	39	49	238	126	27	143	22	45	216	50	89	25	110	33	1117	102	19	20	110	29	1867	201	30	108	951	18	104
91	153	121	690	769	2124	785	1216	137	184	227	596	220	135	158	332	274	175	250	396	104	51	309	933	180	942	292	75	975	703	530	282	156	84	582	457	536	185	2421	99	96	95	697	156	209	149	614	165	241	1012	1806	159	539	430	1284	170	190	452	175	756	699	2398	244	138	307	183	147	1053	358	359	178	586	593	519	141	2720	160	2046	613	5097	2754	1719	235	92	2023	836	423	451	223	396	269	1848	467
92	29	38	76	8	26	46	19	12	45	50	12	20	23	12	6	19	29	11	373	1	23	7954	2059	5374	96	20	0	22	44	17	7	181	7	15	44	19	39	41	11	39	33	6	18	19	16	5	15	54	1284	22	31	10	7	10	57	17	20	20	24	11	55	27	12	12	36	59	37	0	49	5	16	15	58	24	19	30	39	11	51	3	36	7	2	106	4	18	455	38	7	35	15	58
93	31	188	145	80	15	2502	1629	65	25	489	103	29	42	18	30	23	70	41	54	40	19	749	490	241	287	112	34	73	35	54	1611	59	42	257	100	995	63	53	11	16	51	116	14	30	59	67	35	59	44	1067	23	76	13	124	32	31	24	26	115	77	83	32	15	212	41	23	285	1730	296	25	111	40	123	47	24	54	29	91	62	1469	108	20	30	60	24	62	62	115	43	51	22	38
95	48	15	211	662	58	55	43	53	31	15	53	72	1100	87	299	46	6	71	45	60	279	35	52	31	34	237	16	43	13	84	55	6	33	40	22	61	37	30	35	32	14	47	22	19	42	33	54	61	62	74	37	72	46	45	388	49	27	1904	407	33	36	95	896	60	936	23	55	38	62	37	24	26	64	55	59	54	527	32	36	21	2327	25	222	62	47	683	37	24	44	2844	30	588
97	74	368	664	122	55	1509	967	1426	71	60	121	238	82	50	83	43	42	72	201	43	44	62	409	41	82	106	213	945	57	30	1238	99	176	44	26	28	51	55	22	25	32	485	603	130	237	439	690	360	770	81	42	277	139	1499	24	1631	31	28	589	557	1451	398	43	2796	68	57	818	639	2400	82	86	200	99	51	59	840	46	558	96	919	103	68	43	1659	57	56	99	467	70	99	46	105
98	47	199	73	22	11	820	860	50	19	18	66	664	130	8	29	10	30	35	730	10	4	973	711	124	18	21	8	445	29	11	16	32	139	14	13	328	49	22	16	14	99	71	9	15	9	163	10	98	379	897	123	18	161	86	13	29	12	14	40	407	66	48	195	49	105	28	254	390	3480	5	29	164	24	26	25	122	15	19	57	434	47	5	9	60	10	45	1036	131	27	40	1	27
99	46	30	157	394	105	47	10	46	27	18	135	234	29	15	66	25	12	76	424	82	42	13	69	21	14	10	8	597	35	113	17	9	11	21	5	11	68	13	16	8	7	80	39	25	17	983	1219	1622	42	278	14	17	232	58	10	862	106	19	247	581	204	587	21	35	17	19	43	29	1002	31	44	447	56	35	823	34	1013	33	45	20	59	81	18	180	27	421	151	42	524	9430	212	86
100	19	120	51	364	55	76	68	119	20	14	116	151	108	34	107	104	99	42	206	23	27	12	54	29	101	468	21	127	25	122	108	42	132	79	85	31	43	52	239	38	6	221	25	18	65	45	26	30	45	164	17	94	52	128	446	108	64	602	69	114	146	344	102	34	88	27	92	51	87	73	197	19	74	483	95	543	41	170	191	119	382	57	513	172	136	419	58	113	56	2639	34	84
102	12	15	715	109	67	49	171	41	61	23	45	126	906	32	10	27	39	11	63	30	21	323	92	15	42	77	40	23	20	106	93	39	9	61	5	78	49	46	58	38	22	32	22	34	32	62	42	48	16	36	14	2448	46	2197	37	27	19	40	1365	58	65	18	45	35	578	63	1200	61	29	64	74	29	348	122	766	103	71	68	77	39	94	43	37	81	26	61	40	27	19	81	62	358
103	6374	103	15	124	16	33	299	44	130	11	94	327	7	12	102	11	8	81	15	5	31	9	69	10	62	66	10	21	24	20	13	15	15	49	307	39	158	15	8	13	4	91	5	12	16	41	10	54	53	67	8	99	15	81	74	54	13	11	21	54	10	56	122	56	8	26	88	253	53	8	440	10	20	207	93	130	12	18	12	19	362	35	18	42	7	311	102	12	70	1458	32	56
104	23	471	726	63	31	481	566	71	65	26	970	63	77	52	35	32	30	34	73	36	18	50	380	28	30	83	23	42	25	1179	378	28	45	48	30	273	38	73	19	32	22	51	35	30	35	89	36	59	66	51	59	61	41	46	41	35	971	197	1346	64	57	43	35	65	71	186	55	285	57	26	25	24	242	49	374	69	367	58	91	268	2307	160	75	36	39	58	41	323	45	39	2005	222
105	53	25	4	18	68	2	1	2	1	112	3	4	56	2	53	86	1	2	3	147	40	0	1	88	1	64	25	24	5	246	11327	25	28	4	1	140	3	14	0	0	0	79	2	70	41	19	97	1	51	67	5	42	1	27	3	54	1	36	16	3	27	1	20	31	3	44	9	51	56	69	1	38	1	125	0	30	72	23	2	46	75	77	20	13	110	3	2	2	45	5	39	6
108	36	93	83	35	91	359	107	19	538	79	84	30	44	40	39	11	54	308	44	264	36	4257	1784	1562	1601	18	28	148	33	28	19	76	34	369	47	13	47	710	28	29	932	41	27	20	43	52	38	78	25	214	29	17	123	38	60	177	31	34	37	101	91	42	45	100	59	22	62	60	79	583	69	53	20	39	246	39	194	50	94	993	53	27	8	87	177	28	91	427	20	50	48	41
110	21	27	68	119	6	62	38	4	16	18	42	12	82	18	5	9	27	4	24	1	8	7697	1111	6	36	37	1	1	30	15	1	24	11	43	22	8	41	50	17	41	42	4	18	6	48	40	33	60	8	8	6	16	15	4	53	10	8	12	22	36	73	4	12	3	20	28	42	1	39	17	7	15	1718	38	4	50	24	2	55	1	26	0	1	9	27	53	46	30	15	30	2	91
112	59	173	204	119	59	109	448	87	39	56	75	56	144	45	61	65	45	61	276	86	53	106	139	42	92	106	31	227	52	1416	881	76	38	121	163	228	141	91	27	41	36	125	454	89	34	794	599	176	99	435	60	140	127	152	28	60	51	52	216	223	2114	213	67	102	69	43	108	190	129	463	290	402	82	47	1120	62	455	81	347	125	378	666	72	1198	127	55	290	232	35	315	87	173
113	115	199	177	897	58	940	241	1013	28	52	323	397	963	98	1141	88	67	34	597	81	31	43	68	35	643	176	695	1209	1438	591	256	43	113	271	861	104	89	313	928	804	49	125	50	43	93	691	541	557	55	419	37	53	188	52	176	590	160	40	186	616	371	722	342	60	616	63	93	148	347	97	1501	273	133	990	1509	74	98	1989	125	660	51	34	85	301	17	92	392	119	197	51	123	115
114	24	974	118	15	36	344	585	32	67	181	66	1562	9	50	35	14	76	51	23	42	8	141	224	69	43	36	8	120	20	361	884	8	122	45	30	220	23	256	10	9	7	116	35	34	22	18	19	36	170	486	481	34	408	88	29	52	47	23	41	335	24	30	13	48	28	46	210	91	23	11	22	41	25	70	28	17	15	55	50	450	43	11	8	43	16	39	18	1302	1053	51	4	73
115	31	28	84	19	12	62	40	43	28	139	43	64	36	23	27	54	41	116	343	43	64	359	446	129	20	32	30	63	17	11	44	40	27	22	14	21	621	39	7	26	11	28	27	293	55	69	51	70	1244	2474	34	21	2	35	41	15	15	35	59	26	51	26	34	43	54	114	68	33	39	24	36	133	32	55	41	50	88	36	20	73	34	44	35	75	2936	37	524	24	38	42	42	29
118	37	62	41	24	0	57	24	15	11	33	44	34	38	14	13	9	20	9	17	2	7	5872	3172	0	47	19	0	2	38	16	1	23	51	50	22	0	19	43	36	59	37	19	8	1	58	23	41	52	13	40	1	16	13	18	55	20	0	18	20	36	105	28	41	16	24	39	53	1	56	26	24	1	41	91	19	60	24	4	33	2	37	0	1	42	28	21	27	61	24	60	0	125
119	40	53	6	2652	42	39	51	464	11	10	65	51	68	4	35	0	12	47	9	13	7	8	53	3	2	15	532	174	29	86	5	10	10	7	16	10	10	9	14	9	3	400	7	3	18	9	4	54	46	58	0	10	2	48	7	52	3	11	7	285	26	70	10	31	12	11	23	23	36	4	131	3	47	4	47	11	2	324	8	37	29	13	5	52	9	3337	6	99	30	4335	3	40
122	192	133	95	287	876	237	278	135	75	67	250	78	175	47	68	58	70	80	222	40	42	682	623	1143	716	70	407	174	349	150	115	106	32	476	90	117	77	198	44	95	879	237	54	60	72	204	92	96	168	920	54	97	108	291	755	203	149	51	103	198	83	317	39	134	171	71	256	40	105	65	204	162	113	78	1616	53	517	132	150	224	80	142	22	128	243	297	103	205	274	214	185	77
123	16	5	116	8	22	38	117	30	27	155	63	43	8	27	19	28	33	92	6	8	7	47	179	136	5	23	6	6	21	171	85	13	7	12	17	83	27	219	5	7	1	3383	253	904	171	3	7	57	159	49	418	12	17	92	49	1184	17	20	5	12	14	48	9	51	34	45	239	16	28	3	8	837	17	9	30	18	38	18	49	9	33	61	1	49	63	32	16	29	288	42	268	51
124	66	3	68	68	41	79	33	59	18	37	144	66	56	9	40	98	4	34	74	48	113	21	38	59	86	56	33	51	6	37	52	5	13	67	21	3	88	13	19	19	38	65	41	67	4	165	1904	3581	97	87	5	29	1662	15	21	118	32	17	52	2122	14	40	5	35	86	2	47	26	60	67	55	49	90	76	57	50	73	57	20	33	42	4	24	24	26	32	49	3	70	40	19	74
125	11	145	1265	33	25	19	1323	31	46	21	3	36	35	16	15	19	11	17	51	26	9	28	9	2	20	20	16	570	7	2779	378	18	17	31	7	17	14	16	15	25	6	43	22	7	7	31	236	15	27	9	26	40	300	22	3	25	9	8	1068	557	13	11	16	1278	8	19	16	867	10	45	56	16	41	27	140	16	46	17	23	52	18	33	13	15	21	12	14	110	7	41	22	29
126	18	19	7	9	25	0	5	4	1	31	0	0	14	7	11	56	1	7	7	34	19	4	1	20	7	17	2	6	4	1282	7211	5	6	8	0	101	3	20	3	4	0	19	0	25	16	12	51	0	26	24	17	46	2	24	0	25	0	16	11	1	10	0	16	13	1	23	1	19	16	21	7	18	0	31	1	14	33	11	0	9	83	23	5	14	34	3	0	0	18	15	7	9
127	19	76	35	28	6	110	214	8	69	106	38	23	25	9	18	13	13	47	51	14	4	1140	1333	1609	112	14	50	103	9	12	4	50	21	50	110	15	13	292	19	25	688	35	10	17	18	19	16	20	109	76	7	14	55	21	32	14	14	15	28	91	70	38	13	27	29	18	45	102	30	39	95	12	10	23	556	16	126	57	146	320	34	20	6	69	36	8	41	146	8	31	655	29
129	7	0	12	0	3	37	0	5993	0	1	24	20	1	5	12	0	1	20	1	4	0	0	15	2	11	0	0	3138	0	5	0	1	2	8	0	4	0	0	0	0	0	25	0	0	9	3	0	26	12	28	2	0	3	0	0	11	58	0	0	0	12	14	3	8	27	0	11	0	19	0	0	1	9	3	14	2	1	33	1	0	22	0	30	17	2	15	22	0	6	14	0	29
130	12	50	19	27	1	21	115	2	8	755	28	14	15	3	5	11	3	13	6	6	15	4542	2346	527	41	20	4	82	19	11	6	37	24	11	18	2	21	14	9	17	20	35	1	6	26	23	12	14	0	18	3	14	42	74	28	11	4	10	8	118	28	14	13	17	12	19	237	28	83	4	21	1	19	41	14	33	12	14	8	11	27	9	7	22	10	22	18	33	7	24	4	36
131	0	11	2	82	1	23	77	81	3	23	40	1	43	1	2	2	19	2	17	33	20	0	5	0	1	0	11	77	19	7	22	39	20	27	0	7	15	0	0	0	1	3201	0	1	16	23	0	2	1	1	2	14	75	25	1	109	20	0	48	1	40	43	14	1	157	26	1	29	0	0	2487	2	18	1	0	17	0	2542	1	105	0	17	19	36	21	15	3	33	0	2	19	13
132	13	26	49	16	3	18	29	29	5	65	70	14	28	7	22	32	7	37	25	29	2064	34	20	46	1381	12	30	35	6	25	30	82	23	39	4	2	134	12	138	1229	0	834	203	161	78	28	131	139	18	14	10	35	50	16	39	22	7	18	51	39	25	32	120	21	7	29	21	31	15	44	33	12	4	37	11	38	55	30	2	37	28	32	39	542	40	13	3	9	18	14	17	18
134	40	1	1806	31	82	18	42	53	14	78	4	3	137	7	64	55	37	4	84	4	44	56	1	0	54	68	1	644	21	59	60	35	7	68	8	6	60	22	42	71	14	97	32	8	1	18	4508	78	47	3	23	60	323	9	1	70	11	2	1777	538	29	14	1	47	0	32	0	66	16	116	122	32	1	44	0	12	69	3	46	75	1	36	11	55	0	3	10	19	1	32	0	29
135	27	501	32	32	10	49	22	25	13	7	67	25	29	18	22	28	23	48	139	18	43	20	44	28	7	15	10	18	5	13	21	12	32	12	12	7	44	13	5	6	11	38	25	29	23	14	68	3855	78	44	14	7	5	2	8	31	10	16	19	48	13	23	6	1395	11	5	36	4	43	12	4	22	499	31	38	33	1435	15	20	3	34	9	6	20	32	46	227	397	49	23	5	37
138	0	6	30	27	1	82	19	700	4	9	9	6	40	8	20	22	19	4	31	5	6	42	5	4	29	263	1544	162	9	10	8	64	17	22	16	11	24	26	28	11	29	22	0	9	10	6	22	30	3	6	7	16	13	19	6	0	11	28	43	430	1525	65	30	10	1	6	2	16	36	1798	43	15	10	16	4	0	4	32	29	36	1	15	505	691	12	8	20	23	1	1	22	7
139	5	180	18	32	5	9	481	5	5	825	19	10	102	2	7	1157	5	3	3	3	9	1002	488	316	22	17	8	9	36	3	16	33	18	3	7	60	26	10	7	7	14	54	8	17	13	23	7	25	10	20	2	12	5	7	16	15	6	5	13	12	46	11	4	11	192	15	65	103	2790	6	6	1	10	14	13	9	8	8	16	18	11	12	5	32	3	15	8	51	11	17	6	17
140	1709	47	76	203	50	28	223	26	76	9	55	38	16	9	75	10	15	82	70	10	82	5	36	8	5	41	13	56	12	22	11	12	44	9	12	5	43	12	9	7	14	294	80	41	7	225	136	138	32	163	13	64	58	244	10	47	15	50	141	131	130	149	5	53	21	181	107	137	87	13	195	220	20	29	67	45	116	173	15	29	23	47	16	92	34	259	41	28	29	1136	95	137
141	25	13	14	989	14	92	35	14	5	14	24	24	12	43	1668	23	17	18	96	10	3	38	35	6	901	22	5	42	27	792	161	5	4	273	1092	24	13	17	26	14	80	28	0	6	8	12	16	25	123	2042	5	12	12	7	16	22	0	20	8	15	42	224	2	16	12	12	29	99	1193	18	1062	9	11	12	16	10	5	19	11	63	36	2	6	34	4	24	28	11	22	31	11	28
142	6	5	1342	3	2	31	341	8	56	34	7	94	19	6	9	24	13	11	47	4	3	24	7	14	39	19	5	25	9	13	6	3	50	14	17	234	6	32	16	33	3	108	9	7	22	10	28	21	11	9	3	29	26	8	13	7	12	3	2949	18	22	7	7	10	23	2	10	1044	72	18	65	8	4	20	1318	31	39	97	40	3	5	6	14	18	3	40	15	9	14	10	27	13
144	8	10	313	2	0	26	91	17	2	2	231	38	0	1	12	6	40	29	0	0	1	1	19	0	16	5	2	20	4	10	6	1	4	1	0	52	10	4	8	11	0	24	0	3	7	2	10	24	11	5010	1	13	1	2	2	14	202	16	370	5	13	14	0	16	15	13	17	6	19	0	1	2	4	19	20	21	0	18	4	42	8	0	7	32	0	27	15	7	20	16	14	15
149	380	58	64	116	55	42	114	180	17	43	108	31	240	20	49	102	19	29	57	26	37	10	29	14	8	2901	21	108	11	114	187	36	56	14	19	30	15	6	10	20	4	132	44	12	29	98	24	25	44	31	37	30	36	64	20	31	174	241	52	81	36	95	33	59	219	104	43	94	26	14	114	17	37	40	51	175	27	90	116	29	28	53	3079	28	93	58	25	40	32	2548	32	92
150	36	55	486	23	16	110	147	62	42	30	222	40	555	16	24	55	27	43	59	27	11	124	91	27	34	27	20	577	24	120	256	13	19	35	22	107	26	35	14	27	37	64	32	22	17	59	43	44	1357	46	41	116	467	127	25	237	133	12	506	687	43	36	19	45	558	38	73	262	22	25	59	41	11	35	23	66	141	56	17	89	504	42	21	62	303	37	54	54	52	31	50	53
154	12	16	52	22	10	39	18	9	23	28	23	8	23	5	5	175	15	9	133	1	7	4615	522	2040	58	15	1	9	13	6	1	42	9	21	14	7	8	28	9	25	21	5	7	21	24	4	19	39	986	11	13	9	7	274	54	9	8	3	19	15	41	17	3	2	14	24	533	0	33	7	6	5	526	23	16	27	29	4	36	0	18	6	3	54	2	30	173	17	9	15	9	70
156	10	61	44	128	7	30	21	149	1	14	63	26	73	3	115	22	11	27	55	151	23	1084	109	10	41	4	6	168	12	22	118	6	59	28	21	8	20	20	21	21	8	21	7	1	33	19	49	167	22	132	36	43	21	8	5	11	53	142	30	25	48	52	15	9	63	723	8	37	11	17	33	14	18	1736	7	37	34	64	9	13	23	17	9	6	14	181	26	56	21	72	5	13
161	7	186	53	59	20	46	141	62	26	16	88	5	58	21	7	32	36	2	20	18	26	24	8	13	9	1919	21	71	10	14	18	41	25	19	18	14	29	15	3	3	28	48	1226	331	30	64	7	40	101	5	23	11	33	11	15	29	111	15	32	66	52	7	23	27	66	18	42	103	19	2	48	11	153	13	88	56	5	59	71	20	6	38	2058	21	31	26	53	122	17	60	10	23
163	214	103	39	58	42	649	349	42	16	37	37	36	26	7	22	12	31	39	40	17	6	15	30	18	112	40	12	31	10	44	28	22	70	106	35	254	24	30	23	8	64	73	34	16	29	19	26	29	22	38	14	30	9	26	15	32	20	20	29	57	22	31	17	27	15	18	26	929	130	8	45	20	9	24	34	97	17	61	51	359	21	8	30	53	194	78	29	152	86	1796	6	72
166	85	55	37	156	107	889	62	76	37	76	100	52	257	25	53	13	66	15	126	13	4	45	29	47	528	82	16	141	3351	126	272	30	10	259	349	66	34	109	6	9	18	169	19	23	21	239	64	19	1	17	25	28	24	11	50	155	51	51	37	30	38	31	517	29	195	20	14	51	231	99	644	67	67	20	22	18	19	796	232	476	536	36	5	32	7	269	148	52	9	35	19	37
168	24	11	11	3	0	1034	150	24	4	46	30	25	8	0	17	48	5	30	9	2	0	136	317	63	13	14	6	15	2	1	1	5	21	11	4	68	5	4	5	6	9	38	4	38	5	5	11	14	11	36	4	2	11	1227	11	13	15	2	13	7	5	21	3	16	1	0	3599	344	26	1	6	16	5	5	21	9	5	8	9	505	19	18	17	41	1	29	6	14	21	36	9	25
171	32	0	0	1	1	17	1	40	0	0	26	34	1	14	24	1	1	52	15	24	0	1	31	0	0	1	12	2	0	21	81	0	0	21	14	58	1	2	0	0	11	8	0	11	0	28	0	21	24	49	14	94	20	0	1	34	0	0	0	17	1	27	20	27	0	1	39	0	29	1	14	1	0	0	25	2	0	0	0	0	4558	0	0	24	16	21	18	0	28	32	0	60
173	15	4	12	9	2	57	337	315	5	59	16	30	4	4	12	5	44	21	4	7	5	49	31	92	7	345	1061	146	7	4	14	15	165	2	8	132	13	11	13	6	5	21	2	6	13	7	7	26	226	3777	29	5	2	9	1	10	5	8	7	213	26	18	12	21	16	15	18	6	26	4	2	3	5	5	24	114	1	6	16	43	13	3	190	35	10	17	18	2	20	17	4	15
178	4	6	2	4	1	8	5	0	6	8	12	2	6	1	2	3	5	4	3	0	2	1811	1937	411	11	3	0	1	5	1	0	20	4	9	7	2	6	7	6	6	8	2	2	2	15	1	4	19	0	11	1	1	3	8	18	6	0	4	0	5	10	3	1	3	4	6	14	0	2	1	1	0	5	19	3	17	4	1	3	0	8	0	0	24	2	8	1	15	1	11	0	20
179	19	12	322	37	21	19	1602	39	37	31	69	35	718	26	16	30	31	30	240	10	16	18	11	25	3	61	15	13	9	391	132	22	34	18	16	1133	28	23	13	28	13	28	31	24	8	51	105	32	22	25	38	38	26	562	39	35	35	17	331	18	27	17	20	24	770	17	1323	15	20	8	59	34	25	7	46	36	42	45	55	31	54	38	33	26	11	20	313	23	13	21	2175	15
181	12	12	11	4	1	5	10	0	1	7	0	4	3	8	9	2	1	0	5	4	7	19	7	0	846	0	5	19	8	1	0	0	0	428	1507	2	0	3	3	14	5	9	1	3	6	0	2	1	0	4	2	4	7	3	13	0	0	3	0	12	6	12	5	7	4	5	2	0	0	1	1208	0	16	2	0	0	2	4	5	8	12	0	3	1	0	1	11	15	8	0	7	3
182	9	8	6	2	0	5	9	5	1	72	4	3	14	1	1	4	1	4	2	0	5	2620	1236	0	12	1	0	2	3	3	0	3	5	10	2	2	4	6	5	12	7	8	2	0	11	5	6	12	3	7	0	5	3	21	7	4	2	1	6	4	16	8	4	3	3	6	67	0	6	5	2	0	9	24	4	13	6	0	3	3	4	1	1	3	3	8	7	9	3	12	1	24
184	8	2	6	7	15	2	6	5	1	9	1	2	11	13	3	12	0	8	8	19	1	247	347	4	15	5	2	1	0	1987	846	3	4	21	0	17	4	2	2	9	1	7	1	1	1	11	15	0	4	6	8	16	9	16	2	11	0	3	12	10	8	3	5	3	1	6	7	4	6	10	8	2	4	17	1	3	16	10	5	1	16	2	1	3	12	0	2	2	7	31	3	25
187	8	3	6	6	29	0	3	3	6	21	1	1	16	9	8	30	1	6	11	22	4	2	3	14	10	9	1	2	2	1804	1997	2	7	15	1	25	1	4	4	8	0	23	2	12	6	11	26	1	16	11	11	16	12	16	0	16	0	7	9	5	7	2	12	4	1	3	3	18	11	18	13	7	1	33	5	9	27	8	3	7	27	21	6	6	20	0	1	1	6	28	4	20
190	7	1	0	0	11	2	11	57	12	1	26	12	1751	10	1	22	37	2	28	1	18	1	0	18	0	6	16	2	7	1	2	19	7	28	2	17	29	13	0	0	0	0	23	6	5	0	5	0	13	2	8	14	22	2	18	40	25	5	48	0	0	11	4	1	1956	1	1	2	0	0	49	15	28	4	8	14	0	61	9	37	0	0	21	41	2	0	25	8	10	5	1	0
194	0	17	13	4	18	0	865	0	9	58	2	0	5	7	8	2	29	5	42	3	2	1	0	5	27	29	2	1	13	10	92	0	31	2	31	488	8	52	6	5	6	35	6	7	36	5	4	1	4	0	20	23	6	2	8	0	21	9	16	43	3	2	1	0	12	0	1	2252	0	0	4	26	10	12	0	1	0	68	32	2	2	0	17	0	2	38	14	23	1	0	0	0
196	8	72	20	31	10	106	102	53	9	14	15	26	25	10	22	45	24	10	17	22	8	5	21	25	10	7	7	36	19	13	26	23	23	6	23	75	25	12	8	7	3	100	12	30	6	8	2	3	28	32	16	28	19	23	19	28	13	1997	13	22	14	37	46	28	43	37	20	291	6	10	102	18	17	37	8	27	23	92	50	103	6	27	9	23	24	26	20	114	25	195	17	32
197	0	13	7	18	1	0	127	1	3	2417	1	1	0	4	1	0	1	0	0	20	23	0	1	0	0	0	13	14	4	1	14	27	20	0	3	1	2	2	0	0	0	129	0	1	31	15	0	1	77	2	225	0	0	19	4	1	1	2	0	0	19	0	13	0	9	32	1	29	0	0	0	5	1	0	0	10	0	24	3	27	2	15	9	2	26	0	2	3	1	0	16	0
199	0	13	14	24	1	3	41	36	0	13	36	0	0	0	3	11	0	0	7	4	19	0	0	0	0	1466	9	9	1	0	7	2	12	0	0	3	1	0	0	8	0	1	15	0	7	41	0	0	2	1	4	0	2	7	0	0	67	2	16	10	4	10	5	2	9	5	12	23	0	0	0	0	11	11	3	36	0	2	21	6	1	3	1621	0	4	2	1	0	5	0	12	0
200	3	4	10	10	6	45	28	9	5	9	19	20	90	10	13	71	2	9	25	21	6	1	10	11	17	25	3	23	6	6	25	66	29	9	56	20	20	18	11	6	1	150	15	16	6	7	32	18	15	24	7	9	7	1	2	151	26	1678	18	15	5	61	25	7	76	25	7	87	13	17	106	14	14	34	16	30	9	133	14	15	56	290	19	22	29	15	7	10	144	12	15	16
204	6	1	24	2	2	5	1	1	1	3	32	2	18	1	2	5618	0	3	26	16	33	13	4	33	12	0	17	3	1	15	38	0	0	13	0	0	7	11	18	18	0	6	23	46	0	1	350	282	35	10	6	13	13	0	0	4	12	8	23	12	1	1	0	2	28	6	50	7	8	15	14	2	28	49	14	0	48	0	1	1	1	31	18	10	14	4	0	0	22	4	0	2
208	0	8	8	0	0	2	0	10	3	0	1	0	7	0	5	18	2	0	15	0	1	6	3	23	1963	0	0	1	1	8	0	30	0	791	1	1	4	2	7	11	1	1	36	74	0	1	8	2	1	0	5	6	5	1	1	0	1	2	16	8	1	0	0	3	1	0	22	3	62	3	7	1	0	11	1	1	5	4	0	6	0	2	1	47	0	0	2	1	1	0	3	1
210	11	1	2	0	2	6	3	2	6	0	11	8	0	0	10	36	4	23	0	0	0	9	24	430	19	1	0	8	1	0	1	9	9	1	0	8	1	3	2	4	5	11	0	35	2	0	6	2	7	19	4	0	8	657	4	6	5	1	2	0	1	13	6	10	1	1	2174	0	17	0	0	5	4	0	4	0	7	8	0	0	12	22	2	54	0	11	0	6	5	9	2	9
213	0	15	4	10	1	6	0	0	0	28	113	0	1	2	1	5	0	1	1	21	13	240	43	5	1	0	14	12	1	0	28	16	19	0	0	3	0	0	0	65	0	1	1	1	1955	14	1	2	3	13	2	1	2	16	112	0	2	2	0	4	8	1	12	0	1	25	1	25	1	2	4	5	2	9	2	8	5	15	2	16	1	14	10	2	43	0	0	2	2	1	8	2
215	176	5	24	31	23	5	25	9	26	3	104	10	33	1	32	30	10	12	32	8	28	22	9	16	33	26	0	22	3	40	8	10	11	27	19	9	30	4	888	1549	0	14	19	11	45	19	28	14	5	21	6	38	22	14	49	15	6	337	55	31	12	30	4	11	3	18	15	8	10	26	37	9	6	46	15	32	35	19	9	5	7	11	5	15	2	18	7	8	8	20	15	15
217	0	3	14	1	0	2	1	7	3	0	2	4	0	3	5	5	2	4	0	4	1	4	9	0	0	0	1	7	1	2	6	1	11	2	0	4	0	5	4	2	5	5	0	0	3	9	19	3	15	3	31	0	3	10	3	3	8	3	1	0	7	1	3	0	0	1509	1	5	2	0	0	9	4	3	0	1	1	4	0	1	3	5	5	13	4	2	0	0	1	0	1	670
226	1	5	3	5	7	5	8	2	12	1	3	8	0	4	1	2	13	2	2	0	1	284	900	1178	22	2	0	6	9	1	0	37	3	0	2	3	3	6	3	8	7	7	1	8	13	1	0	7	11	12	8	0	0	3	12	1	1	9	2	0	7	2	0	1	5	12	12	0	17	1	0	2	8	7	3	6	6	4	5	0	3	2	0	62	1	7	6	18	1	14	1	8
228	0	2	8	3	9	24	7	16	13	1	2	1	11	5	5	20	14	1	7	0	2	8	8	9	7	2	0	5	9	6	7	19	4	10	14	6	13	9	1	0	8	161	1750	537	26	0	0	23	2	2	10	7	3	2	2	24	4	10	5	14	17	3	2	11	18	7	16	20	6	0	9	2	9	0	2	18	2	240	32	12	0	19	6	14	5	2	22	4	1	17	8	16
231	1	4	45	1	12	49	9	58	20	1	1	2	27	14	4	46	40	0	22	0	7	6	5	7	13	12	0	36	26	8	11	20	1	22	16	14	30	17	0	0	9	0	1096	658	17	0	9	25	6	0	21	16	4	1	8	26	6	18	45	9	31	0	1	18	31	7	31	31	12	2	34	12	3	2	0	18	5	22	51	32	0	56	12	43	2	1	38	14	6	14	5	11
233	3	6	6	4	6	2	0	4	279	1	10	10	9	0	5	2035	4	2	160	10	14	3	1	11	10	1	12	0	4	3	17	2	497	8	3	11	4	7	11	0	19	1	22	24	7	1	9	4	9	7	7	7	12	9	3	7	17	6	17	13	3	10	6	15	13	8	21	15	8	0	10	14	10	23	5	392	18	1	5	3	3	22	13	9	14	0	250	4	10	3	1	1
234	1	8	8	9	0	7	1	1	7	7	1	1	6	0	0	2	0	69	0	24	12	1	0	15	1	1	4	8	0	0	20	8	9	8	1	0	1	1	0	5	0	1	0	5	5	34	11	6	6	10	0	0	0	20	11	0	0	10	6	1	6	0	11	0	5	8	0	8	5	7	0	98	0	11	1	9	53	9	0	18	0	8	7	0	3651	0	1	1	9	5	11	0
238	90	66	893	260	73	356	478	628	123	50	290	164	116	378	134	118	147	101	627	79	49	184	104	99	315	149	629	1634	142	77	74	184	63	196	148	123	170	1762	71	55	104	239	1679	169	110	113	101	161	124	739	90	118	659	58	77	723	244	72	792	1464	2430	642	81	740	154	75	118	212	894	173	243	108	106	87	144	169	755	142	1382	2436	142	87	68	1991	64	91	576	132	131	85	198	233
239	1	2	0	1	15	0	22	76	20	0	0	1	0	18	0	0	23	1	3	0	1	0	0	17	0	21	1	1	17	0	2	0	1	0	14	20	19	20	0	2	0	1	17	15	1	2	0	0	0	0	29	1	1	0	26	0	1533	22	0	18	0	1	0	2	26	1	0	1	0	1	1	27	13	0	0	1	1	1	22	2	0	3	127	4	2	0	15	15	0	1	1	2
245	1728	40	7	39	3	17	42	15	0	2	42	30	3	3	10	10	1	27	10	5	10	1	17	0	4	26	1	19	11	1	12	1	1	1	3	0	6	8	1	1	0	43	2	4	4	21	4	32	13	18	7	0	0	3	0	29	5	1	12	24	5	19	1	13	8	8	36	11	20	2	59	1	1	2	29	12	5	7	8	15	22	10	1	20	2	31	36	14	24	24	1	22
247	138	55	210	425	114	159	114	116	156	29	195	339	2165	94	480	174	144	194	234	628	100	109	97	70	175	267	50	227	64	115	48	89	124	113	118	78	53	74	2089	937	21	111	53	35	583	96	113	104	38	96	49	110	96	106	789	144	58	484	161	153	171	195	104	38	2267	60	64	127	79	89	215	66	131	611	58	319	119	324	174	83	132	47	208	126	78	1067	182	62	179	1458	51	85
259	0	9	25	5	0	0	1	0	0	7	3	1	0	0	0	2	2	0	0	2	10	12	15	18	0	0	1	3	1	0	4	11	8	0	2	0	0	0	1	0	2	1	1	0	2	7	0	2	27	3	56	0	0	9	2	4	0	4	1	0	2	2	6	0	1	1502	3	7	0	0	0	1	3	4	0	9	1	4	0	8	0	3	0	6	8	0	1	0	0	3	10	0
266	765	56	124	127	49	93	194	96	124	57	426	316	149	192	52	56	96	61	39	2841	139	40	41	108	86	157	34	142	56	92	52	65	72	160	69	112	155	77	161	1097	7	44	45	81	359	202	76	89	67	74	139	54	79	50	4928	35	81	1385	113	124	87	65	272	74	207	50	105	64	81	64	67	99	64	221	63	184	81	127	114	75	60	59	50	66	103	50	127	76	126	60	98	100
277	0	2	0	12	0	0	1	0	7	4	0	0	0	0	3	0	1	0	33	8	4	0	0	5	0	0	3	3	0	0	4	13	8	0	1	0	0	0	0	5	0	0	0	0	3	6	0	0	0	0	3	0	0	9	6	0	0	2	1	0	5	0	3	1	0	7	0	4	0	0	0	0	1	1	50	3	2	9	65	15	0	10	4	0	4	0	0	1	0	0	2416	0
289	125	551	105	1253	965	363	128	1520	107	53	633	1031	204	120	1594	52	53	143	429	75	32	3999	1841	73	362	203	124	1202	443	1001	174	145	217	316	119	54	41	252	196	204	109	196	64	43	161	279	201	201	76	224	13	135	150	547	112	165	215	80	112	379	368	749	452	81	124	52	255	102	413	133	215	134	176	306	285	997	116	141	127	272	164	322	110	458	390	469	264	651	147	20134	66	223
290	1	75	80	40	20	1019	69	19	19	14	9	0	22	4	6	16	12	13	85	1	9	24	98	26	40	39	11	26	90	28	20	7	76	14	19	41	29	15	15	23	17	8	14	8	16	152	142	91	9	22	10	41	21	1	3	111	12	8	26	36	37	1	0	8	14	12	2	92	28	18	17	67	8	5058	80	3	24	51	6121	544	3	21	17	6	93	51	29	86	11	18	106	10
296	42	62	83	50	55	107	482	70	1227	146	56	78	790	31	35	87	38	34	262	52	67	3574	85	153	57	174	41	695	43	450	1427	59	42	77	42	174	136	101	24	53	37	72	57	41	45	116	1113	726	62	255	36	113	403	39	45	82	40	43	92	651	89	86	129	183	797	22	39	227	148	60	59	98	61	110	57	62	92	54	75	119	67	75	160	29	530	44	314	62	497	46	594	103
319	95	363	411	675	105	276	247	360	465	97	180	1170	360	82	130	57	1389	239	1333	544	55	200	228	46	492	748	51	920	243	739	782	100	80	279	114	205	75	429	186	82	298	131	66	73	128	2617	1757	435	52	703	88	256	371	120	67	417	134	389	854	813	198	1383	140	87	133	149	114	183	1767	355	149	1183	650	226	860	131	545	106	149	596	3431	114	790	178	194	978	975	285	148	196	103	166
325	97	240	508	365	85	1362	1066	668	185	253	703	264	210	239	417	530	144	148	319	108	470	438	259	269	608	436	215	638	127	333	619	106	105	427	368	497	364	381	103	90	86	755	477	216	254	670	545	1687	281	563	123	153	173	315	95	201	466	102	692	417	384	325	441	1010	239	201	574	994	202	205	727	488	105	84	289	139	155	654	539	804	948	445	327	316	213	150	217	266	344	177	237	539
362	559	414	870	3306	169	573	743	3935	156	3606	507	524	587	130	219	99	563	671	8278	86	208	9711	8376	344	4868	273	1385	1456	227	185	86	460	1123	2684	290	206	1644	265	247	255	322	647	213	205	351	245	175	463	10057	4678	5348	398	178	96	241	266	137	191	395	2693	486	691	159	258	276	693	347	140	377	149	743	225	297	1849	482	1183	225	247	458	571	352	114	91	712	159	4048	12804	367	205	314	184	396
378	16	27	33	88	16	79	83	35	4	43	190	78	33	44	22	108	18	47	36	51	82	22	43	148	127	90	134	91	25	4	29	1717	662	98	39	7	18	160	13	17	12	68	63	57	29	89	9	14	52	67	3	12	8	27	21	17	70	38	14	69	65	38	80	60	92	50	59	34	16	78	57	32	69	53	84	3469	13	65	30	146	18	90	84	85	29	13	31	52	240	28	65	57
388	51	227	164	91	51	1201	788	170	45	127	98	72	101	82	109	139	79	59	141	212	38	97	48	73	76	165	166	127	44	116	166	64	61	73	80	479	116	131	17	30	29	139	50	68	113	102	196	187	69	111	49	67	60	44	46	196	64	41	172	164	366	57	86	494	78	86	90	1767	349	91	115	59	29	49	204	24	45	148	195	652	37	500	126	286	34	96	97	269	45	48	149	55
393	2302	113	43	481	37	54	118	66	46	10	134	103	36	4	596	45	74	154	130	42	27	10	80	31	74	61	6	66	26	23	53	17	110	19	54	42	26	97	53	24	14	122	7	39	64	45	32	61	50	81	33	60	51	20	12	64	37	1558	32	107	58	165	37	44	32	46	44	91	56	37	141	28	31	803	59	93	47	144	32	69	29	38	41	85	38	1283	156	58	63	63	27	43
407	74	64	126	195	61	255	314	118	78	156	203	235	233	152	144	163	72	50	104	65	303	58	65	113	58	133	80	95	372	244	121	47	107	59	94	190	1756	224	57	75	31	161	227	106	61	246	158	232	152	56	122	49	53	71	97	116	126	71	111	72	260	41	203	163	253	455	61	370	117	98	112	286	179	56	108	130	66	275	809	155	152	97	112	159	98	211	156	68	1088	44	188	99
457	0	52	66	2	55	45	0	0	0	0	0	1	61	0	2	26	28	32	97	0	38	52	302	62	148	1	0	55	2	60	45	2	164	44	50	0	44	45	48	29	0	1	0	0	49	4	21	37	0	1	29	137	25	2	2	39	23	0	44	58	50	0	0	1	40	31	0	47	12	53	43	4	1	8376	39	1	115	91	2	9	0	83	0	1	0	42	53	241	1	52	1	0
474	0	35	4	28	0	9	4	39	2	22	45	54	11	69	0	0	3	24	3	78	19	28	24	11	68	3	54	25	2	50	42	35	27	106	46	26	0	48	0	4	1	0	2	50	58	71	10	1	2	1	38	2	38	34	17	0	3	131	6	4	52	63	10651	55	8	13	53	26	7	130	72	2	4	6	36	57	0	116	4	33	35	56	16	18	77	4	2	10	0	5	76	77
492	152	420	298	565	131	302	456	793	236	211	402	292	454	395	387	211	291	1114	653	494	228	222	298	1407	2420	338	1555	651	294	126	127	160	180	1904	1122	124	344	3368	359	267	505	495	259	194	113	151	142	132	155	2271	135	108	121	157	320	991	252	429	319	550	653	688	789	1082	441	101	148	174	230	166	1334	186	92	268	424	220	299	442	344	3674	316	328	257	356	267	830	616	762	393	305	257	315
501	445	40	45	1422	28	45	141	41	37	20	214	67	112	41	87	48	34	55	120	27	60	45	47	29	68	84	21	114	74	60	21	38	36	32	66	32	98	26	1682	1424	10	213	27	18	104	48	62	53	57	99	17	78	49	47	457	66	49	88	80	59	48	206	26	109	51	38	70	34	55	48	257	23	90	91	62	101	58	184	45	71	67	22	22	83	17	1559	39	48	48	58	31	58
512	62	138	65	396	32	83	226	51	27	31	306	128	22	186	700	161	91	101	9	8	7	692	924	429	106	30	0	66	39	42	18	27	22	9	21	110	51	26	43	36	33	122	10	15	58	153	28	84	121	7147	30	14	20	17	33	133	90	43	24	19	797	81	3	53	36	72	276	9	888	11	17	323	16	51	80	116	26	65	25	56	99	1	5	1503	17	192	62	72	67	168	14	127
561	2954	151	8	132	3	33	136	49	0	4	170	69	4	2	58	40	12	83	30	7	24	4	50	2	7	79	3	56	33	3	34	0	7	5	2	8	2	19	103	32	2	110	5	3	37	74	24	76	67	62	27	7	4	3	11	74	4	5	25	61	9	117	2	48	3	30	99	25	58	5	178	4	1	4	62	80	38	4	7	46	62	31	1	82	2	58	121	28	58	46	3	50
585	1	1	153	64	5	64	29	45	9	10	885	12	76	10	48	13	9	9	15	7	10	9	3	14	5	26	10	57	5	329	81	3	5	6	1	13	21	9	7	3	1	113	9	8	5	17	20	2	8	7	11	23	37	11	6	9	902	19	307	27	168	1	5	29	85	34	6	17	7	9	79	7	20	4	19	11	6	84	22	38	1	14	57	91	19	3	8	7	6	18	224	21
593	51	20	138	391	78	171	119	498	67	52	223	485	204	118	496	33	272	60	437	1365	31	173	75	70	593	600	27	649	1269	188	55	237	409	431	311	46	56	1924	6186	2700	23	175	50	35	119	1059	678	570	39	188	29	45	83	51	94	43	74	125	152	187	492	509	76	39	123	28	58	67	318	220	392	507	454	136	448	1875	123	472	142	2288	49	31	509	258	392	130	268	67	1104	60	60	162
635	143	168	862	1223	298	404	1276	692	406	163	584	340	519	220	408	3178	193	251	660	222	335	699	507	350	418	343	203	612	501	782	1172	193	217	315	324	385	233	596	190	157	108	455	349	272	193	597	302	613	301	398	220	411	422	911	185	226	419	462	1165	750	2401	909	276	566	486	260	857	854	279	1039	636	361	263	394	583	232	753	562	1224	640	208	434	257	1813	872	1011	281	221	1015	278	371	1342
643	0	5	1	0	2	5	1	3	0	7	0	1	782	0	0	2	0	0	2	3	1	1307	288	27	0	2	0	0	4	777	1752	4	4	5	1	12	1	1	0	4	0	4	3	2	7	2	2	2	12	0	1	4	4	0	0	2	0	3	7	2	6	0	2	2	827	0	1	0	1	4	1	0	1	10	2	2	1	11	3	2	4	0	1	2	1	2	1	0	2	4	2	3
688	0	6	15	3	7	16	0	0	0	0	0	1	8	0	1	13	8	4	22	1	9	9	63	8	22	1	0	13	0	8	4	0	44	7	7	0	12	12	12	8	0	0	0	0	11	0	12	10	1	0	6	24	10	2	2	5	12	3	9	17	12	0	2	0	19	7	0	20	5	8	9	0	1	1320	8	1	24	30	0	3	2	11	0	2	0	9	13	20	1	18	0	0
693	158	4	373	198	90	263	276	151	50	25	153	276	200	54	78	73	4552	11949	13757	9	4	152	182	141	1390	42	54	392	110	111	12	36	47	613	74	105	62	76	100	149	74	344	64	113	99	15	126	158	249	443	120	160	157	11	60	123	36	36	146	185	114	9394	38	111	312	34	86	20	71	133	427	241	51	250	569	120	464	196	288	405	198	32	8	209	166	133	9712	151	66	107	242	175
740	10	23	19	60	11	34	13	64	16	28	22	19	1522	734	53	38	6	15	37	42	4678	4	10	16	32	19	24	30	14	7	41	48	21	39	4	6	215	15	2	5	2	9	25	16	29	50	64	119	9	81	18	66	86	6	16	38	20	23	37	222	1517	22	91	4	2122	41	5	39	35	15	15	14	17	13	6	25	7	104	1	38	14	5	51	1440	41	2	29	7	29	8	77	24
810	1	1	22	13	1	19	8	19	2	5	4	4	19	0	4	3	7	7	7	7	4	21	3	2	3	7	4	1	0	5	3	17	7	7	1	3	15	16	1	1	8	8	2	3	3	2	53	41	2	3	2	7	1	93	2	0	2	0	20	1	1234	1	3	17	1	1	154	1	16	6	24	1	3	2	54	6	4	2	13	14	3	15	4	838	5	3	18	1	2	1	5	8
853	39	5	58	77	62	37	185	22	56	571	114	24	14	135	36	24	98	307	9	93	12	94	159	178	28	100	32	60	73	4	63	43	10	98	19	37	28	1140	17	3	5	139	26	75	10	3701	33	80	898	133	222	14	2	21	45	36	28	35	4	81	68	50	6	46	34	40	77	4	43	62	21	5699	33	18	88	55	152	6	66	1157	43	22	9	36	231	33	39	59	6409	38	12	93
858	13	6	40	36	9	21	49	168	13	15	115	16	19	25	14	41	22	22	35	9	18	8	11	20	48	22	42	71	13	21	8	13	11	48	87	10	190	35	183	1287	20	127	142	127	49	21	27	28	15	42	16	35	14	8	42	20	67	448	50	113	133	20	39	21	23	39	22	24	18	25	109	18	18	22	25	27	34	216	27	32	6	16	10	140	8	30	25	6	8	12	20	13
888	39	181	63	97	40	155	368	430	34	89	239	288	70	30	85	622	25	40	153	55	50	558	785	180	69	387	77	402	627	78	188	47	50	59	43	210	63	139	30	24	69	1249	36	45	38	1630	1080	1093	52	147	62	66	78	28	40	678	187	1958	75	95	312	317	241	91	111	53	57	91	208	88	1019	694	50	66	295	58	66	929	82	222	1186	80	444	332	116	50	50	252	98	49	120	101
912	5	11	9	0	5	16	2	4	12	3	8	8	5	3	6	31	7	7	9	0	8	2411	462	2329	39	3	0	12	11	9	0	58	8	2	7	3	3	15	9	12	4	6	0	9	8	0	3	8	6	16	10	6	5	555	23	5	11	2	9	1	12	9	3	5	7	9	1081	1	14	1	0	6	5	11	9	8	15	7	7	0	10	13	2	44	0	11	18	15	1	16	9	28
936	54	16	154	171	70	138	5385	43	135	15	229	83	53	65	41	39	273	546	555	7	13	826	338	4292	162	180	11	175	96	56	210	138	11	55	49	3250	79	66	37	129	7	110	52	61	63	120	44	105	40	63	110	118	78	29	148	67	59	70	101	148	113	370	23	59	203	34	98	17	49	75	109	122	108	58	65	139	128	123	122	61	143	30	4	105	18	73	427	93	42	61	46	34
951	6	183	31	108	10	5	267	38	18	13	72	17	118	11	76	153	13	13	191	23	8	4	21	31	4	214	5	54	16	26	172	9	38	2	14	37	25	8	18	17	4	17	9	17	6	30	4	25	76	31	49	14	23	11	13	41	100	4181	13	28	5	293	74	109	85	1262	5	137	62	23	0	22	13	57	19	31	28	13	20	4	10	28	253	22	23	14	13	93	13	32	30	2
976	0	0	8	0	2	12	1	9	3	2	0	0	9	4	2	13	5	0	10	0	0	0	0	5	6	1	0	6	2	0	5	4	0	6	2	4	6	3	0	0	1	0	289	781	6	1	1	3	3	1	3	3	2	0	3	6	1	2	21	1	9	0	0	2	14	1	9	4	0	0	18	4	3	0	0	1	0	6	6	12	0	40	0	7	0	0	6	4	0	0	2	1
982	76	322	819	180	111	600	566	263	55	154	294	112	377	86	197	319	296	1165	692	167	127	214	147	120	72	109	63	277	113	227	329	67	147	82	26	287	300	409	43	89	43	117	50	66	1197	3273	1297	868	338	480	164	274	241	1144	115	340	156	49	646	308	410	601	734	1036	340	439	818	755	156	127	69	2382	38	114	96	100	107	123	217	727	695	873	157	373	800	62	759	233	82	106	189	410
983	210	413	3437	1210	1401	750	2818	2085	1865	282	1927	543	693	359	588	1844	551	350	1083	356	1341	518	286	657	1456	713	327	1734	421	1115	889	470	560	1074	2054	372	887	2261	282	362	299	784	1598	405	349	450	338	553	587	609	491	2004	1507	4866	622	353	1297	393	4739	2800	6191	929	819	741	631	370	2386	1804	619	443	2910	330	496	606	627	750	608	1671	8152	3105	297	468	562	3615	1991	509	893	578	2359	402	1416	511
984	145	726	1032	965	125	2781	1745	1304	147	240	1551	224	563	292	852	1405	446	1132	1012	175	1189	350	298	352	533	605	321	1255	415	511	994	1426	1185	382	515	796	468	458	2950	1577	113	773	530	199	423	1632	646	1095	592	853	279	148	227	613	3017	495	1203	130	1243	588	631	1090	536	780	612	235	538	2758	994	441	843	1748	194	391	326	3802	766	1097	1365	1520	1198	471	602	579	402	1287	776	877	1516	164	559	721
1038	13	27	116	440	99	134	58	70	12	70	73	46	112	171	370	195	25	43	34	3672	67	92	243	36	94	580	67	356	19	223	310	79	69	148	21	54	12	28	36	145	84	47	21	33	676	204	150	275	38	16	62	45	244	40	58	41	56	36	81	456	110	84	102	21	134	54	82	148	31	2021	58	63	51	43	16	118	582	189	36	86	45	659	976	47	219	731	46	18	115	14	51	272
1042	113	108	285	909	426	490	262	950	756	74	483	704	1138	115	642	275	110	105	826	83	48	183	158	130	306	636	752	797	1351	606	135	173	147	223	247	162	89	278	1635	461	51	152	87	80	112	1168	819	274	244	401	45	668	634	4566	167	308	228	118	412	1004	705	491	374	98	752	81	2194	394	478	589	351	628	243	185	1345	215	398	285	260	567	144	161	336	733	694	796	847	164	1319	421	298	259
1077	844	1850	2879	2796	2086	4818	3484	9407	836	1538	2056	5952	1885	1371	1575	2415	3403	1514	4581	5114	384	3635	2939	2050	4396	1653	9913	6697	4496	4884	9035	1117	616	3829	4134	2044	647	4270	578	402	398	1491	1357	911	853	4929	1941	1444	4507	7626	1663	4393	2379	5148	569	4765	1089	545	3101	6716	6779	6544	2353	1114	1948	4724	3234	2241	6621	2584	4825	4403	914	636	1182	1165	3693	1922	1413	5352	8424	971	763	7332	2387	3166	3386	1543	5175	1201	4312	1049
1091	1107	87	70	1093	208	89	190	154	80	28	535	222	377	1486	518	39	62	67	122	100	137	37	53	87	693	412	54	121	58	101	32	71	185	563	561	78	103	70	385	1503	94	258	50	56	1305	147	121	55	59	53	75	75	75	119	6088	71	79	142	84	174	205	169	83	55	401	53	79	79	143	64	822	117	103	98	101	517	91	1160	245	65	43	41	345	187	41	1591	113	70	87	3375	60	56
1095	45	64	80	27	17	71	315	19	17	49	20	15	357	7	14	32	16	9	35	7	23	6353	480	4	51	18	3	11	61	29	6	37	13	65	45	147	25	42	27	76	29	20	11	10	26	10	49	57	67	11	14	41	30	224	50	16	13	8	40	26	103	38	43	7	286	41	451	3	51	20	33	15	76	34	13	42	32	20	51	6	46	17	8	23	24	39	51	47	8	36	4	98
1127	593	573	1034	927	568	1139	951	1380	573	539	1065	1485	613	516	996	599	909	1256	886	738	444	573	777	479	695	690	829	1448	765	807	964	396	449	855	684	519	515	901	270	335	217	1425	828	583	472	1070	763	946	928	1456	509	1029	943	936	388	1344	548	314	953	1182	1031	1330	550	933	652	698	917	858	1471	774	1017	844	551	413	985	703	1000	967	686	1287	1265	612	398	1194	794	1047	875	713	937	995	749	1131
1128	12	1010	1059	31	12	30	628	53	13	50	68	14	186	12	10	1333	21	13	238	18	16	14	14	27	23	23	4	32	35	61	67	12	53	21	22	285	17	40	4	12	3	1179	13	14	27	1156	290	50	63	96	21	25	15	167	10	17	61	188	959	41	8	111	19	8	208	21	341	141	11	15	30	598	26	29	44	13	13	1422	30	55	55	13	16	22	271	36	260	730	22	17	9	33
1161	384	404	8727	218	113	3867	626	645	118	268	3253	248	459	118	130	89	233	124	9153	92	108	2204	5951	130	78	265	169	302	203	548	79	369	187	331	5184	261	378	106	93	201	320	306	179	178	65	1604	884	225	252	139	281	240	180	93	177	76	3647	155	6988	370	255	288	135	166	179	270	148	119	290	119	6510	727	219	264	286	326	203	103	723	2434	255	88	249	353	106	79	13213	235	79	115	9242	198
1170	4217	230	242	845	100	205	302	154	120	26	541	436	2277	389	885	245	127	583	309	86	317	119	166	105	452	214	47	305	86	144	80	132	235	277	301	123	263	177	2752	3886	15	254	87	54	321	145	173	159	105	110	89	197	105	80	1583	150	110	922	223	258	160	271	60	115	1987	111	166	256	263	133	658	59	179	1811	129	426	226	724	94	107	126	98	104	149	51	1855	317	134	101	275	81	86
1188	146	291	697	554	247	537	306	614	187	156	428	318	240	262	427	272	403	400	412	517	119	148	213	120	223	433	478	564	351	336	394	346	221	265	118	220	125	250	168	81	123	572	261	224	169	485	149	274	447	1171	253	664	652	544	89	315	143	75	639	769	375	386	331	218	196	239	437	362	321	218	316	282	116	127	204	364	211	472	177	764	832	215	224	566	304	468	323	382	315	286	259	396
1213	1	1285	4	1	10	9	4	5	9	3	6	0	5	4	0	4	14	4	11	2	3	9	33	6	11	4	1	8	4	12	4	1	62	6	9	5	7	15	2	4	2	74	148	26	13	1	4	2	6	2	4	7	1	8	3	10	8	10	1	18	1	1	2	2	3	2	14	19	2	2	3	8	4	26	1	1	815	83	16	2	1	2	1	2	8	18	7	1009	1	8	0	14
1243	12	9	31	31	9	25	156	10	18	55	20	23	0	9	14	5	18	17	1	0	5	1360	2074	1741	42	8	1	13	37	3	9	61	7	7	10	113	22	19	6	6	23	34	10	27	19	10	8	40	1075	59	118	8	0	6	31	23	7	4	6	11	48	7	2	16	24	29	74	0	2308	2	3	9	14	25	22	23	8	8	21	5	49	4	0	159	2	40	17	28	12	31	2	39
1253	211	337	319	855	1591	791	612	919	432	716	1734	351	264	318	636	522	291	131	1221	858	771	140	298	384	398	8445	784	2415	864	150	682	1066	347	301	613	204	327	667	173	1031	1080	552	294	379	21495	1846	4907	1005	357	238	224	131	281	382	1816	8894	570	587	334	1994	304	2807	534	261	383	384	247	1117	1293	525	502	797	752	303	143	424	388	957	352	1319	194	4245	8757	308	431	603	145	218	1722	196	265	201
1300	4009	111	76	129	34	214	205	66	27	32	223	80	33	32	73	55	40	69	46	14	37	18	64	18	54	102	17	97	108	59	72	39	26	36	41	48	42	82	16	33	11	199	61	39	29	175	45	71	67	116	85	28	25	30	38	164	53	13	68	84	108	92	11	90	40	68	93	209	99	36	184	167	20	19	81	61	77	88	95	151	40	59	13	97	35	66	140	41	47	57	51	55
1334	403	146	371	612	113	338	361	511	383	223	528	473	458	272	373	243	241	527	317	1289	415	106	186	146	367	341	282	569	174	189	169	304	220	350	166	173	329	190	758	655	92	637	392	211	331	310	264	324	255	223	177	210	189	146	300	250	272	109	321	351	336	339	207	326	271	306	357	308	613	201	268	271	194	204	170	356	197	571	209	234	151	328	135	316	135	816	228	156	625	198	163	321
1359	6	11	9	61	10	21	30	16	6	3	181	6	38	7	9	21	9	21	14	24	36	6	22	15	14	13	8	38	10	23	37	8	29	5	92	12	40	13	36	35	3	185	6	11	19	8	10	11	16	21	11	15	19	7	16	17	213	1659	9	21	52	30	26	16	65	9	7	22	11	20	274	9	14	273	16	12	11	343	17	11	2	4	17	47	33	76	14	19	10	6	23	3
1367	235	714	1644	1033	516	1034	922	1080	245	461	1193	382	774	795	1034	2258	276	235	991	220	1147	351	352	399	335	752	465	1264	204	514	673	338	292	286	399	343	463	1403	173	214	258	2536	1786	712	269	1497	463	560	789	1498	384	1127	717	2326	474	458	930	2170	2654	1369	1777	1223	629	1413	810	2619	1512	658	262	480	1124	1580	268	430	738	824	1056	2978	2082	1328	2695	1753	650	1315	236	260	629	740	223	306	1232	638
1370	135	211	419	248	114	382	171	529	142	96	291	657	198	176	239	150	238	249	501	278	100	135	107	106	249	178	296	572	238	365	360	162	138	255	152	182	101	311	122	55	86	330	162	152	96	468	397	249	296	516	151	376	334	338	64	511	238	69	438	643	321	816	216	212	141	152	262	224	415	413	261	275	113	87	344	139	304	336	102	542	411	148	127	394	337	246	204	361	287	263	248	414
1431	10	31	81	37	21	86	28	38	9	8	32	46	388	7	13	53	22	22	89	62	27	35	100	28	75	1	6	105	11	36	20	86	84	44	24	19	34	52	52	38	1	23	8	2	86	29	44	64	6	28	8	67	29	45	20	24	18	83	38	71	50	22	46	10	408	27	18	80	21	27	37	11	26	1770	32	82	66	121	18	10	32	38	10	23	19	113	41	54	13	781	7	16
1477	1	1	2	3	0	2	55	0	1	2	10	5	0	1	12	22	0	9	1	0	0	46	46	27	8	1	0	2	0	0	0	2	1	2	1	33	1	3	1	3	3	4	0	21	4	0	6	6	78	8	8	2	2	547	2	4	5	0	2	0	4	3	0	9	0	0	1313	0	5	0	0	4	7	3	3	2	0	3	0	0	15	6	2	16	0	6	0	7	5	5	2	8
1493	3041	56	7	91	3	32	80	33	3	1	125	54	3	0	28	15	6	61	12	6	12	1	45	5	5	49	3	29	32	5	15	3	8	3	2	3	3	5	149	42	0	80	1	2	70	53	15	41	55	55	11	5	5	1	6	51	2	3	10	31	2	69	2	42	2	11	78	12	44	4	103	5	1	3	46	36	8	3	2	28	48	10	4	51	1	52	63	20	46	32	6	35
1494	57	93	98	51	38	163	466	92	1763	192	59	90	1096	31	32	78	43	29	388	63	86	5533	153	155	50	229	43	992	76	590	2371	47	55	70	27	136	190	121	25	67	25	62	65	43	38	149	759	1055	66	417	21	184	486	53	71	88	34	29	136	986	88	99	191	260	1054	53	40	297	223	53	82	120	68	107	48	90	78	59	61	125	92	98	190	49	895	27	526	73	812	34	832	82
1514	71	100	144	138	64	475	187	218	73	101	1822	119	138	81	180	202	85	151	296	74	106	69	45	79	75	174	75	133	75	828	408	76	64	90	70	139	114	301	72	55	43	227	134	67	61	764	613	163	92	224	93	101	80	223	94	105	1998	338	154	138	568	307	90	92	138	116	325	193	629	286	106	404	63	44	101	114	98	129	236	322	184	129	194	430	123	89	293	132	72	80	215	551
1558	429	696	1168	1316	1218	2080	1226	4273	505	556	934	1980	911	608	683	938	1504	638	2239	2208	178	1397	1126	850	1289	804	4448	2791	1923	2259	3842	527	336	999	1418	727	303	2062	249	202	221	717	684	438	426	1863	989	650	1771	2734	682	1560	920	2551	265	2782	489	279	1400	3036	2993	3632	962	551	963	1570	1414	950	4100	1151	1585	1738	395	281	531	555	1818	932	643	2194	3618	520	415	3144	1147	1710	1124	515	1951	622	1396	528
1604	78	399	81	7481	43	159	1237	55	104	68	1163	168	179	127	480	226	265	219	22	21	47	8597	9275	6193	364	49	4	90	139	93	40	251	39	28	42	763	122	84	70	99	1518	524	26	164	175	664	83	216	674	13606	184	48	46	1566	198	263	320	86	60	74	1667	126	19	88	67	268	5506	14	1752	28	103	1234	182	143	101	186	84	164	55	109	285	44	11	3500	50	9003	105	433	87	281	39	311
1629	41	16	83	16	13	65	89	2	2	83	1	15	37	2	0	29	5	0	127	12	2	81	9	7	37	0	18	21	5	40	5	25	8	32	480	4	22	10	17	26	3230	136	8	24	18	3	28	26	11	31	201	29	51	0	5	34	5	6	32	65	63	78	10	1	15	13	3	10	50	22	504	9	6	24	1	1	82	922	54	3	28	59	1	2	5	18	84	4	1	8	1	26
1786	758	829	1704	1956	589	1578	1431	1961	872	742	1734	1870	1393	566	1648	934	893	1302	1635	591	774	599	587	477	1180	1086	420	2331	668	603	684	990	990	804	728	566	486	1253	642	569	341	2950	1387	827	977	1516	1617	1066	605	818	636	1573	1569	988	435	1611	748	401	1694	1958	1585	1254	1328	955	1134	624	1161	1235	791	1097	1887	861	605	1126	759	2039	1557	3044	1379	1524	1160	1706	789	1248	638	1496	1293	806	622	557	809	1956
1787	537	490	1178	1233	551	939	1027	1206	708	376	969	1477	1122	439	722	724	603	674	1466	447	379	459	829	518	622	590	286	1315	352	458	542	592	813	537	466	419	348	851	260	236	294	1538	1067	706	551	703	894	536	510	770	466	950	1015	592	284	1374	483	319	1232	1355	1029	1170	944	740	1136	415	786	913	482	623	1346	433	460	1341	666	1496	962	2107	1045	962	777	1239	447	789	389	989	1328	655	509	511	502	1032
1802	250	1976	946	1054	582	575	1211	869	526	335	902	2435	1566	467	630	500	307	191	1634	442	907	230	243	1301	5115	777	372	965	403	525	1466	11496	1322	2216	264	637	2947	484	100	385	327	1466	410	181	914	1057	1293	2547	369	348	845	255	485	270	426	2390	395	185	1971	847	275	3907	413	1035	1901	742	235	1051	555	395	1323	527	1189	238	176	1857	2401	2230	168	923	3000	742	1232	1467	339	1155	313	1713	3864	205	271	519
1854	408	558	974	335	217	904	377	856	273	327	599	1592	243	198	345	156	241	283	771	515	250	321	274	144	767	395	430	1293	398	620	594	180	223	772	603	197	348	486	133	202	94	643	420	236	186	1384	799	919	476	1038	203	593	585	506	124	845	413	278	739	1309	567	1754	427	903	380	270	409	590	780	952	847	617	249	232	730	386	482	626	341	869	454	200	197	512	454	326	492	575	397	347	533	1016
